0.43613, 0.94934, 0.94934, 0.06235, 0.06235, 0.06568, 0.06568
0.44263, 0.95149, 0.95149, 0.06145, 0.06145, 0.06458, 0.06458
0.44914, 0.94690, 0.94690, 0.06294, 0.06294, 0.06647, 0.06647
0.45564, 0.95017, 0.95017, 0.06500, 0.06500, 0.06841, 0.06841
0.46215, 0.94677, 0.94677, 0.06623, 0.06623, 0.06995, 0.06995
0.46865, 0.94896, 0.94896, 0.06908, 0.06908, 0.07280, 0.07280
0.47516, 0.94675, 0.94675, 0.07318, 0.07318, 0.07730, 0.07730
0.48167, 0.94425, 0.94425, 0.07408, 0.07408, 0.07846, 0.07846
0.48817, 0.94407, 0.94407, 0.07748, 0.07748, 0.08207, 0.08207
0.49468, 0.94541, 0.94541, 0.08473, 0.08473, 0.08962, 0.08962
0.50119, 0.94558, 0.94558, 0.08654, 0.08654, 0.09152, 0.09152
0.50770, 0.94324, 0.94324, 0.09417, 0.09417, 0.09984, 0.09984
0.51421, 0.94511, 0.94511, 0.09333, 0.09333, 0.09875, 0.09875
0.52072, 0.94269, 0.94269, 0.10157, 0.10157, 0.10774, 0.10774
0.52723, 0.94145, 0.94145, 0.10977, 0.10977, 0.11659, 0.11659
0.53374, 0.94032, 0.94032, 0.11540, 0.11540, 0.12272, 0.12272
0.54025, 0.94003, 0.94003, 0.11825, 0.11825, 0.12580, 0.12580
0.54676, 0.93859, 0.93859, 0.12609, 0.12609, 0.13434, 0.13434
0.55327, 0.93748, 0.93748, 0.13339, 0.13339, 0.14228, 0.14228
0.55978, 0.93511, 0.93511, 0.14401, 0.14401, 0.15400, 0.15400
0.56629, 0.93718, 0.93718, 0.15374, 0.15374, 0.16405, 0.16405
0.57281, 0.93625, 0.93625, 0.16704, 0.16704, 0.17841, 0.17841
0.57932, 0.93454, 0.93454, 0.17785, 0.17785, 0.19031, 0.19031
0.58583, 0.93435, 0.93435, 0.18691, 0.18691, 0.20004, 0.20004
0.59235, 0.93303, 0.93303, 0.19669, 0.19669, 0.21080, 0.21080
0.59886, 0.93421, 0.93421, 0.20587, 0.20587, 0.22037, 0.22037
0.60538, 0.93266, 0.93266, 0.21063, 0.21063, 0.22584, 0.22584
0.61189, 0.93280, 0.93280, 0.22026, 0.22026, 0.23613, 0.23613
0.61841, 0.93055, 0.93055, 0.22941, 0.22941, 0.24653, 0.24653
0.62492, 0.93202, 0.93202, 0.23868, 0.23868, 0.25609, 0.25609
0.63144, 0.93006, 0.93006, 0.24957, 0.24957, 0.26833, 0.26833
0.70968, 0.93004, 0.93004, 0.29129, 0.29129, 0.31320, 0.31320
0.71620, 0.92977, 0.92977, 0.29747, 0.29747, 0.31994, 0.31994
0.72272, 0.92838, 0.92838, 0.29822, 0.29822, 0.32123, 0.32123
0.72925, 0.92789, 0.92816, 0.29574, 0.29642, 0.31872, 0.31936
0.73577, 0.92912, 0.92941, 0.29747, 0.29819, 0.32016, 0.32083
0.74230, 0.92964, 0.92994, 0.29658, 0.29732, 0.31902, 0.31972
0.74882, 0.92870, 0.92901, 0.30420, 0.30499, 0.32755, 0.32829
0.75535, 0.92961, 0.92993, 0.30670, 0.30753, 0.32992, 0.33070
0.76187, 0.92960, 0.92994, 0.30646, 0.30732, 0.32966, 0.33047
0.76840, 0.92910, 0.92945, 0.30488, 0.30577, 0.32814, 0.32898
0.77492, 0.92930, 0.92967, 0.30386, 0.30478, 0.32697, 0.32784
0.78145, 0.92967, 0.93005, 0.30381, 0.30477, 0.32679, 0.32769
0.78798, 0.93020, 0.93059, 0.30638, 0.30739, 0.32938, 0.33032
0.79451, 0.93046, 0.93087, 0.30299, 0.30403, 0.32564, 0.32660
0.80104, 0.92887, 0.92930, 0.30608, 0.30716, 0.32951, 0.33053
0.80756, 0.92885, 0.92929, 0.30924, 0.31037, 0.33292, 0.33399
0.81409, 0.92975, 0.93020, 0.31142, 0.31260, 0.33495, 0.33606
0.82062, 0.92970, 0.93017, 0.30535, 0.30656, 0.32844, 0.32957
0.82715, 0.92954, 0.93003, 0.30826, 0.30953, 0.33163, 0.33281
0.83368, 0.92914, 0.92964, 0.30482, 0.30611, 0.32807, 0.32928
0.84022, 0.92930, 0.92982, 0.30773, 0.30908, 0.33114, 0.33241
0.84675, 0.92906, 0.92960, 0.30101, 0.30238, 0.32399, 0.32528
0.85328, 0.92849, 0.92905, 0.29736, 0.29877, 0.32027, 0.32158
0.85981, 0.92928, 0.92986, 0.31370, 0.31524, 0.33757, 0.33901
0.86634, 0.92872, 0.92933, 0.30429, 0.30582, 0.32764, 0.32908
0.87288, 0.92858, 0.92920, 0.30587, 0.30747, 0.32940, 0.33090
0.87941, 0.92829, 0.92894, 0.29822, 0.29984, 0.32126, 0.32277
0.88595, 0.92954, 0.93020, 0.30247, 0.30416, 0.32540, 0.32698
0.89248, 0.92816, 0.92885, 0.30672, 0.30849, 0.33046, 0.33212
0.89902, 0.92767, 0.92839, 0.29633, 0.29810, 0.31943, 0.32109
0.90555, 0.92787, 0.92860, 0.29699, 0.29882, 0.32008, 0.32180
0.91209, 0.92825, 0.92901, 0.29673, 0.29862, 0.31966, 0.32144
0.91862, 0.92854, 0.92932, 0.29469, 0.29663, 0.31737, 0.31919
0.92516, 0.92862, 0.92943, 0.29307, 0.29506, 0.31560, 0.31747
0.93170, 0.92774, 0.92857, 0.29663, 0.29871, 0.31973, 0.32169
0.93824, 0.92893, 0.92980, 0.29434, 0.29648, 0.31686, 0.31886
0.94477, 0.92857, 0.92946, 0.29933, 0.30157, 0.32236, 0.32446
0.95131, 0.92839, 0.92931, 0.29846, 0.30076, 0.32148, 0.32364
0.95785, 0.92705, 0.92799, 0.29406, 0.29640, 0.31720, 0.31939
0.96439, 0.92839, 0.92937, 0.29623, 0.29865, 0.31908, 0.32135
0.97093, 0.92792, 0.92892, 0.29269, 0.29516, 0.31542, 0.31774
0.97747, 0.92861, 0.92965, 0.29041, 0.29293, 0.31273, 0.31510
0.98401, 0.92806, 0.92913, 0.28882, 0.29141, 0.31121, 0.31364
0.99055, 0.92926, 0.93036, 0.29142, 0.29411, 0.31360, 0.31612
0.99710, 0.92824, 0.92937, 0.29168, 0.29445, 0.31422, 0.31683
1.00364, 0.92874, 0.92991, 0.28518, 0.28797, 0.30706, 0.30968
1.01018, 0.93301, 0.93422, 0.28481, 0.28768, 0.30526, 0.30794
1.04720, 0.93302, 0.93302, 0.29178, 0.29178, 0.31272, 0.31272
1.05375, 0.93384, 0.93384, 0.29333, 0.29333, 0.31412, 0.31412
1.06030, 0.93296, 0.93296, 0.29395, 0.29395, 0.31507, 0.31507
1.06685, 0.93205, 0.93205, 0.29335, 0.29335, 0.31474, 0.31474
1.07341, 0.93124, 0.93124, 0.29493, 0.29493, 0.31670, 0.31670
1.07996, 0.93269, 0.93269, 0.29341, 0.29341, 0.31459, 0.31459
1.08651, 0.93237, 0.93237, 0.29486, 0.29486, 0.31625, 0.31625
1.09307, 0.93268, 0.93268, 0.29614, 0.29614, 0.31751, 0.31751
1.09962, 0.93280, 0.93280, 0.29912, 0.29912, 0.32067, 0.32067
1.10617, 0.93234, 0.93234, 0.29979, 0.29979, 0.32154, 0.32154
1.11273, 0.93311, 0.93311, 0.30000, 0.30000, 0.32151, 0.32151
1.11928, 0.93372, 0.93372, 0.30056, 0.30056, 0.32190, 0.32190
1.12584, 0.93332, 0.93332, 0.30088, 0.30088, 0.32237, 0.32237
1.13239, 0.93383, 0.93383, 0.30123, 0.30123, 0.32258, 0.32258
1.13895, 0.93355, 0.93355, 0.30100, 0.30100, 0.32242, 0.32242
1.14551, 0.93410, 0.93410, 0.30161, 0.30161, 0.32288, 0.32288
1.15206, 0.93382, 0.93382, 0.30240, 0.30240, 0.32383, 0.32383
1.15862, 0.93338, 0.93338, 0.30207, 0.30207, 0.32363, 0.32363
1.16518, 0.93412, 0.93412, 0.30281, 0.30281, 0.32416, 0.32416
1.17173, 0.93373, 0.93373, 0.30275, 0.30275, 0.32424, 0.32424
1.17829, 0.93426, 0.93426, 0.30252, 0.30252, 0.32381, 0.32381
1.18485, 0.93466, 0.93466, 0.30327, 0.30327, 0.32447, 0.32447
1.19141, 0.93484, 0.93484, 0.30502, 0.30502, 0.32628, 0.32628
1.19797, 0.93501, 0.93501, 0.30148, 0.30148, 0.32244, 0.32244
1.20453, 0.93541, 0.93541, 0.30072, 0.30072, 0.32148, 0.32148
1.21109, 0.93457, 0.93457, 0.30184, 0.30184, 0.32297, 0.32297
1.21765, 0.93544, 0.93544, 0.30061, 0.30061, 0.32136, 0.32136
1.22421, 0.93562, 0.93562, 0.30134, 0.30134, 0.32208, 0.32208
1.23077, 0.93625, 0.93625, 0.30322, 0.30322, 0.32387, 0.32387
1.23733, 0.93674, 0.93674, 0.30348, 0.30348, 0.32398, 0.32398
1.24389, 0.93662, 0.93662, 0.30470, 0.30470, 0.32532, 0.32532
1.25045, 0.93742, 0.93742, 0.30563, 0.30563, 0.32603, 0.32603
1.25701, 0.93775, 0.93775, 0.30517, 0.30517, 0.32542, 0.32542
1.26357, 0.93724, 0.93724, 0.30568, 0.30568, 0.32615, 0.32615
1.27014, 0.93868, 0.93868, 0.30883, 0.30883, 0.32901, 0.32901
1.27670, 0.93741, 0.93741, 0.30798, 0.30798, 0.32854, 0.32854
1.28326, 0.93855, 0.93855, 0.30853, 0.30853, 0.32873, 0.32873
1.28983, 0.93848, 0.93848, 0.30975, 0.30975, 0.33005, 0.33005
1.29639, 0.93895, 0.93895, 0.31053, 0.31053, 0.33072, 0.33072
1.30295, 0.93880, 0.93880, 0.31068, 0.31068, 0.33093, 0.33093
1.30952, 0.93985, 0.93985, 0.30922, 0.30922, 0.32901, 0.32901
1.31608, 0.94035, 0.94035, 0.30968, 0.30968, 0.32933, 0.32933
1.32265, 0.94079, 0.94079, 0.31254, 0.31254, 0.33221, 0.33221
1.32921, 0.94184, 0.94184, 0.31213, 0.31213, 0.33141, 0.33141
1.33578, 0.94152, 0.94152, 0.31267, 0.31267, 0.33209, 0.33209
1.34234, 0.94219, 0.94219, 0.31350, 0.31350, 0.33274, 0.33274
1.34891, 0.94304, 0.94304, 0.31436, 0.31436, 0.33335, 0.33335
1.35548, 0.94315, 0.94315, 0.31499, 0.31499, 0.33397, 0.33397
1.36205, 0.94298, 0.94298, 0.31497, 0.31497, 0.33402, 0.33402
1.36861, 0.94335, 0.94335, 0.31357, 0.31357, 0.33239, 0.33239
1.37518, 0.94440, 0.94440, 0.31498, 0.31498, 0.33353, 0.33353
1.38175, 0.94366, 0.94366, 0.31518, 0.31518, 0.33400, 0.33400
1.38832, 0.94397, 0.94397, 0.31399, 0.31399, 0.33263, 0.33263
1.39489, 0.94171, 0.94171, 0.31514, 0.31514, 0.33464, 0.33464
1.40145, 0.94166, 0.94166, 0.31552, 0.31552, 0.33507, 0.33507
1.40802, 0.94115, 0.94115, 0.31577, 0.31577, 0.33552, 0.33552
1.41459, 0.94121, 0.94121, 0.31692, 0.31692, 0.33671, 0.33671
1.42116, 0.94334, 0.94334, 0.31946, 0.31946, 0.33865, 0.33865
1.42773, 0.94430, 0.94430, 0.31847, 0.31847, 0.33726, 0.33726
1.43431, 0.94628, 0.94628, 0.31712, 0.31712, 0.33513, 0.33513
1.44088, 0.94541, 0.94541, 0.31269, 0.31269, 0.33075, 0.33075
1.44745, 0.94785, 0.94785, 0.31656, 0.31656, 0.33397, 0.33397
1.45402, 0.94514, 0.94514, 0.31961, 0.31961, 0.33816, 0.33816
1.46059, 0.94881, 0.94881, 0.32193, 0.32193, 0.33930, 0.33930
1.46716, 0.94953, 0.94953, 0.32232, 0.32232, 0.33945, 0.33945
1.47374, 0.94838, 0.94838, 0.32266, 0.32266, 0.34022, 0.34022
1.48031, 0.95084, 0.95084, 0.32302, 0.32302, 0.33972, 0.33972
1.48688, 0.95083, 0.95083, 0.32169, 0.32169, 0.33833, 0.33833
1.49346, 0.95171, 0.95171, 0.32469, 0.32469, 0.34117, 0.34117
1.50003, 0.95171, 0.95171, 0.32257, 0.32257, 0.33893, 0.33893
1.50661, 0.95209, 0.95209, 0.32404, 0.32404, 0.34034, 0.34034
1.51318, 0.95231, 0.95231, 0.32639, 0.32639, 0.34273, 0.34273
1.51976, 0.95299, 0.95299, 0.32572, 0.32572, 0.34179, 0.34179
1.52633, 0.95373, 0.95373, 0.32557, 0.32557, 0.34136, 0.34136
1.53291, 0.95376, 0.95376, 0.32434, 0.32434, 0.34006, 0.34006
1.53948, 0.95436, 0.95436, 0.32565, 0.32565, 0.34122, 0.34122
1.54606, 0.95411, 0.95411, 0.32926, 0.32926, 0.34509, 0.34509
1.55264, 0.95483, 0.95483, 0.32897, 0.32897, 0.34453, 0.34453
1.55921, 0.95423, 0.95423, 0.32909, 0.32909, 0.34487, 0.34487
1.56579, 0.95592, 0.95592, 0.32678, 0.32678, 0.34184, 0.34184
1.57237, 0.95571, 0.95571, 0.32353, 0.32353, 0.33852, 0.33852
1.57895, 0.95679, 0.95679, 0.32699, 0.32699, 0.34175, 0.34175
1.58552, 0.95492, 0.95492, 0.32804, 0.32804, 0.34352, 0.34352
1.59210, 0.95914, 0.95914, 0.32709, 0.32709, 0.34102, 0.34102
1.59868, 0.95744, 0.95744, 0.32656, 0.32656, 0.34107, 0.34107
1.60526, 0.95872, 0.95872, 0.32579, 0.32579, 0.33981, 0.33981
1.61184, 0.95985, 0.95985, 0.32583, 0.32583, 0.33946, 0.33946
1.61842, 0.95893, 0.95893, 0.32616, 0.32616, 0.34013, 0.34013
1.62500, 0.96010, 0.96010, 0.33019, 0.33019, 0.34391, 0.34391
1.63158, 0.95939, 0.95939, 0.33158, 0.33158, 0.34561, 0.34561
1.63816, 0.96049, 0.96049, 0.33079, 0.33079, 0.34439, 0.34439
1.64474, 0.96238, 0.96238, 0.33101, 0.33101, 0.34394, 0.34394
1.67107, 0.96273, 0.96273, 0.33254, 0.33254, 0.34541, 0.34541
1.67766, 0.96317, 0.96317, 0.33340, 0.33340, 0.34614, 0.34614
1.68424, 0.96339, 0.96339, 0.33398, 0.33398, 0.34667, 0.34667
1.69082, 0.96516, 0.96516, 0.33420, 0.33420, 0.34626, 0.34626
1.69741, 0.95750, 0.95750, 0.33451, 0.33451, 0.34936, 0.34936
1.70399, 0.95906, 0.95906, 0.33832, 0.33832, 0.35277, 0.35277
1.71058, 0.96446, 0.96446, 0.33656, 0.33656, 0.34896, 0.34896
1.71716, 0.96574, 0.96574, 0.33593, 0.33593, 0.34785, 0.34785
1.72375, 0.96590, 0.96590, 0.33594, 0.33594, 0.34780, 0.34780
1.73033, 0.96762, 0.96762, 0.33632, 0.33632, 0.34758, 0.34758
1.73692, 0.96685, 0.96685, 0.33663, 0.33663, 0.34817, 0.34817
1.74351, 0.96703, 0.96703, 0.33699, 0.33699, 0.34848, 0.34848
1.75009, 0.96682, 0.96682, 0.33716, 0.33716, 0.34873, 0.34873
1.75668, 0.96746, 0.96746, 0.33747, 0.33747, 0.34882, 0.34882
1.76327, 0.96791, 0.96791, 0.33746, 0.33746, 0.34865, 0.34865
1.76985, 0.96809, 0.96809, 0.33797, 0.33797, 0.34910, 0.34910
1.77644, 0.96681, 0.96681, 0.33742, 0.33742, 0.34900, 0.34900
1.78303, 0.96736, 0.96736, 0.33769, 0.33769, 0.34908, 0.34908
1.78962, 0.96902, 0.96902, 0.33811, 0.33811, 0.34892, 0.34892
1.79621, 0.96943, 0.96943, 0.33825, 0.33825, 0.34892, 0.34892
1.80280, 0.96983, 0.96983, 0.33810, 0.33810, 0.34862, 0.34862
1.80939, 0.96954, 0.96954, 0.33831, 0.33831, 0.34894, 0.34894
1.81598, 0.96981, 0.96981, 0.33789, 0.33789, 0.34840, 0.34840
1.82257, 0.96970, 0.96970, 0.33841, 0.33841, 0.34898, 0.34898
1.82916, 0.96867, 0.96867, 0.33862, 0.33862, 0.34957, 0.34957
1.83575, 0.96965, 0.96965, 0.33885, 0.33885, 0.34945, 0.34945
1.84234, 0.97060, 0.97060, 0.33914, 0.33914, 0.34941, 0.34941
1.84893, 0.97122, 0.97122, 0.33938, 0.33938, 0.34944, 0.34944
1.85552, 0.97053, 0.97053, 0.33971, 0.33971, 0.35002, 0.35002
1.86212, 0.97009, 0.97009, 0.33929, 0.33929, 0.34975, 0.34975
1.86871, 0.97132, 0.97132, 0.33914, 0.33914, 0.34916, 0.34916
1.87530, 0.97226, 0.97226, 0.33890, 0.33890, 0.34856, 0.34856
1.88190, 0.97168, 0.97168, 0.33855, 0.33855, 0.34842, 0.34842
1.88849, 0.97076, 0.97076, 0.33885, 0.33885, 0.34906, 0.34906
1.89508, 0.97104, 0.97104, 0.33877, 0.33877, 0.34888, 0.34888
1.90168, 0.97060, 0.97060, 0.33871, 0.33871, 0.34897, 0.34897
1.90827, 0.97033, 0.97033, 0.33876, 0.33876, 0.34912, 0.34912
1.91487, 0.97136, 0.97136, 0.33919, 0.33919, 0.34919, 0.34919
1.92146, 0.97148, 0.97148, 0.33913, 0.33913, 0.34908, 0.34908
1.92806, 0.97012, 0.97012, 0.33916, 0.33916, 0.34961, 0.34961
1.93465, 0.97149, 0.97149, 0.33822, 0.33822, 0.34814, 0.34814
1.94125, 0.97158, 0.97158, 0.33638, 0.33638, 0.34621, 0.34621
1.94785, 0.97123, 0.97123, 0.33586, 0.33586, 0.34581, 0.34581
1.95444, 0.97057, 0.97057, 0.33843, 0.33843, 0.34869, 0.34869
1.96104, 0.97080, 0.97080, 0.33868, 0.33868, 0.34887, 0.34887
1.96764, 0.97152, 0.97152, 0.33692, 0.33692, 0.34679, 0.34679
1.97424, 0.97198, 0.97198, 0.33689, 0.33689, 0.34660, 0.34660
1.98084, 0.97175, 0.97175, 0.33728, 0.33728, 0.34709, 0.34709
1.98743, 0.97216, 0.97216, 0.33749, 0.33749, 0.34715, 0.34715
1.99403, 0.97087, 0.97087, 0.33479, 0.33479, 0.34483, 0.34483
2.00063, 0.97139, 0.97139, 0.33593, 0.33593, 0.34582, 0.34582
2.00723, 0.97200, 0.97200, 0.33780, 0.33780, 0.34753, 0.34753
2.01383, 0.97293, 0.97293, 0.33355, 0.33355, 0.34283, 0.34283
2.02043, 0.97360, 0.97360, 0.33237, 0.33237, 0.34138, 0.34138
2.02703, 0.97411, 0.97411, 0.33346, 0.33346, 0.34232, 0.34232
2.03363, 0.97380, 0.97380, 0.33564, 0.33564, 0.34467, 0.34467
2.04024, 0.97479, 0.97479, 0.33770, 0.33770, 0.34643, 0.34643
2.04684, 0.97502, 0.97502, 0.33910, 0.33910, 0.34778, 0.34778
2.05344, 0.97559, 0.97559, 0.34054, 0.34054, 0.34906, 0.34906
2.06004, 0.97447, 0.97447, 0.34062, 0.34062, 0.34955, 0.34955
2.06664, 0.97635, 0.97635, 0.33897, 0.33897, 0.34718, 0.34718
2.07325, 0.97608, 0.97608, 0.33853, 0.33853, 0.34682, 0.34682
2.07985, 0.97579, 0.97579, 0.33822, 0.33822, 0.34661, 0.34661
2.08645, 0.97627, 0.97627, 0.33797, 0.33797, 0.34618, 0.34618
2.09306, 0.97577, 0.97577, 0.33713, 0.33713, 0.34550, 0.34550
2.09966, 0.97671, 0.97671, 0.33935, 0.33935, 0.34744, 0.34744
2.10627, 0.97503, 0.97503, 0.34021, 0.34021, 0.34892, 0.34892
2.11287, 0.97567, 0.97567, 0.34029, 0.34029, 0.34877, 0.34877
2.11948, 0.97488, 0.97488, 0.34153, 0.34153, 0.35032, 0.35032
2.12608, 0.97521, 0.97521, 0.34228, 0.34228, 0.35098, 0.35098
2.13269, 0.97525, 0.97525, 0.34244, 0.34244, 0.35113, 0.35113
2.13930, 0.97481, 0.97481, 0.34284, 0.34284, 0.35170, 0.35170
2.14590, 0.97503, 0.97503, 0.34224, 0.34224, 0.35100, 0.35100
2.15251, 0.97360, 0.97360, 0.34165, 0.34165, 0.35091, 0.35091
2.15912, 0.97223, 0.97223, 0.34145, 0.34145, 0.35120, 0.35120
2.16572, 0.97008, 0.97008, 0.34055, 0.34055, 0.35105, 0.35105
2.17233, 0.96839, 0.96839, 0.33963, 0.33963, 0.35072, 0.35072
2.17894, 0.96569, 0.96569, 0.33969, 0.33969, 0.35176, 0.35176
2.18555, 0.96156, 0.96156, 0.33817, 0.33817, 0.35169, 0.35169
2.19216, 0.95912, 0.95912, 0.33740, 0.33740, 0.35178, 0.35178
2.19877, 0.95729, 0.95729, 0.33715, 0.33715, 0.35219, 0.35219
2.20538, 0.95699, 0.95699, 0.33653, 0.33653, 0.35165, 0.35165
2.21199, 0.95772, 0.95772, 0.33739, 0.33739, 0.35228, 0.35228
2.21860, 0.95912, 0.95912, 0.33805, 0.33805, 0.35246, 0.35246
2.22521, 0.96072, 0.96072, 0.33862, 0.33862, 0.35247, 0.35247
2.23182, 0.96162, 0.96162, 0.33895, 0.33895, 0.35248, 0.35248
2.23843, 0.96133, 0.96133, 0.33894, 0.33894, 0.35257, 0.35257
2.24504, 0.96014, 0.96014, 0.33940, 0.33940, 0.35349, 0.35349
2.25165, 0.96004, 0.96004, 0.33891, 0.33891, 0.35302, 0.35302
2.25827, 0.96044, 0.96044, 0.33883, 0.33883, 0.35278, 0.35278
2.26488, 0.96063, 0.96063, 0.33848, 0.33848, 0.35235, 0.35235
2.27149, 0.96141, 0.96141, 0.33960, 0.33960, 0.35323, 0.35323
2.27810, 0.96049, 0.96049, 0.33984, 0.33984, 0.35381, 0.35381
2.28472, 0.96004, 0.96004, 0.33985, 0.33985, 0.35399, 0.35399
2.29133, 0.95853, 0.95853, 0.34004, 0.34004, 0.35474, 0.35474
2.29795, 0.95793, 0.95793, 0.34002, 0.34002, 0.35495, 0.35495
2.30456, 0.95509, 0.95509, 0.33907, 0.33907, 0.35502, 0.35502
2.31118, 0.95394, 0.95394, 0.33782, 0.33782, 0.35413, 0.35413
2.31779, 0.95203, 0.95203, 0.33679, 0.33679, 0.35376, 0.35376
2.32441, 0.95066, 0.95066, 0.33626, 0.33626, 0.35371, 0.35371
2.33102, 0.94862, 0.94862, 0.33546, 0.33546, 0.35363, 0.35363
2.33764, 0.94839, 0.94839, 0.33551, 0.33551, 0.35377, 0.35377
2.34426, 0.94606, 0.94606, 0.33499, 0.33499, 0.35408, 0.35408
2.35087, 0.94534, 0.94534, 0.33482, 0.33482, 0.35418, 0.35418
2.35749, 0.94745, 0.94745, 0.33538, 0.33538, 0.35398, 0.35398
2.36411, 0.94743, 0.94743, 0.33549, 0.33549, 0.35410, 0.35410
2.37072, 0.94839, 0.94839, 0.33588, 0.33588, 0.35416, 0.35416
2.37734, 0.94810, 0.94810, 0.33495, 0.33495, 0.35328, 0.35328
2.38396, 0.94896, 0.94896, 0.33495, 0.33495, 0.35297, 0.35297
2.39058, 0.94926, 0.94926, 0.33497, 0.33497, 0.35288, 0.35288
2.39720, 0.95031, 0.95031, 0.33544, 0.33544, 0.35298, 0.35298
2.40382, 0.95007, 0.95007, 0.33584, 0.33584, 0.35348, 0.35348
2.41044, 0.94925, 0.94925, 0.33646, 0.33646, 0.35445, 0.35445
2.41706, 0.94913, 0.94913, 0.33679, 0.33679, 0.35484, 0.35484
2.42368, 0.94956, 0.94956, 0.33660, 0.33660, 0.35448, 0.35448
2.43030, 0.94843, 0.94843, 0.33639, 0.33639, 0.35468, 0.35468
2.43692, 0.94643, 0.94643, 0.33572, 0.33572, 0.35472, 0.35472
2.44354, 0.94708, 0.94708, 0.33623, 0.33623, 0.35502, 0.35502
2.45017, 0.94730, 0.94730, 0.33641, 0.33641, 0.35512, 0.35512
2.45679, 0.94683, 0.94683, 0.33588, 0.33588, 0.35474, 0.35474
2.46341, 0.94608, 0.94608, 0.33590, 0.33590, 0.35504, 0.35504
2.47003, 0.94614, 0.94614, 0.33510, 0.33510, 0.35417, 0.35417
2.47666, 0.94634, 0.94634, 0.33357, 0.33357, 0.35248, 0.35248
2.48328, 0.94648, 0.94648, 0.33284, 0.33284, 0.35166, 0.35166
2.48990, 0.94686, 0.94686, 0.33387, 0.33387, 0.35260, 0.35260
2.49653, 0.94685, 0.94685, 0.33497, 0.33497, 0.35377, 0.35377
2.50312, 0.94683, 0.94683, 0.33417, 0.33417, 0.35293, 0.35293
2.50972, 0.94656, 0.94656, 0.33366, 0.33366, 0.35249, 0.35249
2.51632, 0.94663, 0.94663, 0.33289, 0.33289, 0.35165, 0.35165
2.52292, 0.94678, 0.94678, 0.33142, 0.33142, 0.35004, 0.35004
2.52951, 0.94691, 0.94691, 0.33081, 0.33081, 0.34936, 0.34936
2.53611, 0.94686, 0.94686, 0.32964, 0.32964, 0.34814, 0.34814
2.54271, 0.94648, 0.94648, 0.32928, 0.32928, 0.34790, 0.34790
2.54931, 0.94669, 0.94669, 0.32809, 0.32809, 0.34657, 0.34657
2.55591, 0.94674, 0.94674, 0.32716, 0.32716, 0.34556, 0.34556
2.56251, 0.94517, 0.94517, 0.32626, 0.32626, 0.34519, 0.34519
2.56911, 0.94573, 0.94573, 0.32538, 0.32538, 0.34405, 0.34405
2.57571, 0.94488, 0.94488, 0.32500, 0.32500, 0.34396, 0.34396
2.58231, 0.94427, 0.94427, 0.32370, 0.32370, 0.34280, 0.34280
2.58891, 0.94301, 0.94301, 0.32263, 0.32263, 0.34213, 0.34213
2.59551, 0.94450, 0.94450, 0.32107, 0.32107, 0.33994, 0.33994
2.60212, 0.94523, 0.94523, 0.32004, 0.32004, 0.33859, 0.33859
2.60872, 0.94352, 0.94352, 0.32014, 0.32014, 0.33930, 0.33930
2.61532, 0.94400, 0.94400, 0.32031, 0.32031, 0.33931, 0.33931
2.62192, 0.94252, 0.94252, 0.32076, 0.32076, 0.34032, 0.34032
2.62853, 0.94307, 0.94307, 0.31912, 0.31912, 0.33838, 0.33838
2.63513, 0.94266, 0.94266, 0.31838, 0.31838, 0.33775, 0.33775
2.64174, 0.94417, 0.94417, 0.31568, 0.31568, 0.33435, 0.33435
2.64834, 0.94238, 0.94238, 0.30879, 0.30879, 0.32767, 0.32767
2.65495, 0.94214, 0.94214, 0.29361, 0.29361, 0.31164, 0.31164
2.84004, 0.94051, 0.94051, 0.08335, 0.08335, 0.08862, 0.08862
2.84666, 0.94484, 0.94484, 0.08394, 0.08394, 0.08884, 0.08884
2.85328, 0.95017, 0.95017, 0.08462, 0.08462, 0.08906, 0.08906
2.85989, 0.95131, 0.95131, 0.08526, 0.08526, 0.08962, 0.08962
2.86651, 0.95085, 0.95085, 0.08603, 0.08603, 0.09048, 0.09048
2.87313, 0.95431, 0.95431, 0.08684, 0.08684, 0.09100, 0.09100
2.87975, 0.95551, 0.95551, 0.08764, 0.08764, 0.09172, 0.09172
2.88636, 0.95744, 0.95744, 0.08883, 0.08883, 0.09278, 0.09278
2.89298, 0.95901, 0.95901, 0.08980, 0.08980, 0.09364, 0.09364
2.89960, 0.95829, 0.95829, 0.09037, 0.09037, 0.09431, 0.09431
2.90622, 0.95666, 0.95666, 0.09055, 0.09055, 0.09465, 0.09465
2.91284, 0.95611, 0.95611, 0.09095, 0.09095, 0.09512, 0.09512
2.91946, 0.95757, 0.95757, 0.09159, 0.09159, 0.09565, 0.09565
2.92608, 0.96071, 0.96071, 0.09206, 0.09206, 0.09583, 0.09583
2.93270, 0.96481, 0.96481, 0.09251, 0.09251, 0.09588, 0.09588
2.93932, 0.96869, 0.96869, 0.09334, 0.09334, 0.09635, 0.09635
2.94595, 0.96929, 0.96929, 0.09426, 0.09426, 0.09724, 0.09724
2.95257, 0.96704, 0.96704, 0.09515, 0.09515, 0.09840, 0.09840
2.95919, 0.96544, 0.96544, 0.09604, 0.09604, 0.09948, 0.09948
2.96581, 0.96569, 0.96569, 0.09718, 0.09718, 0.10064, 0.10064
2.97244, 0.96663, 0.96663, 0.09830, 0.09830, 0.10170, 0.10170
2.97906, 0.96759, 0.96759, 0.09943, 0.09943, 0.10275, 0.10275
2.98568, 0.96787, 0.96787, 0.10053, 0.10053, 0.10387, 0.10387
2.99231, 0.96813, 0.96813, 0.10175, 0.10175, 0.10510, 0.10510
2.99893, 0.96514, 0.96514, 0.10282, 0.10282, 0.10653, 0.10653
3.00556, 0.96643, 0.96643, 0.10441, 0.10441, 0.10804, 0.10804
3.01218, 0.96762, 0.96762, 0.10555, 0.10555, 0.10908, 0.10908
3.01881, 0.96791, 0.96791, 0.10670, 0.10670, 0.11024, 0.11024
3.02544, 0.96891, 0.96891, 0.10812, 0.10812, 0.11159, 0.11159
3.03206, 0.97130, 0.97130, 0.10982, 0.10982, 0.11307, 0.11307
3.03869, 0.97293, 0.97293, 0.11126, 0.11126, 0.11436, 0.11436
3.04532, 0.97481, 0.97481, 0.11208, 0.11208, 0.11497, 0.11497
3.05195, 0.97643, 0.97643, 0.11273, 0.11273, 0.11545, 0.11545
3.05857, 0.97613, 0.97613, 0.11318, 0.11318, 0.11594, 0.11594
3.06520, 0.97664, 0.97664, 0.11361, 0.11361, 0.11633, 0.11633
3.07183, 0.97923, 0.97923, 0.11436, 0.11436, 0.11678, 0.11678
3.07846, 0.98493, 0.98493, 0.11575, 0.11575, 0.11752, 0.11752
3.08509, 0.98844, 0.98844, 0.11733, 0.11733, 0.11870, 0.11870
3.09172, 0.98741, 0.98741, 0.11898, 0.11898, 0.12050, 0.12050
3.09835, 0.98719, 0.98719, 0.12071, 0.12071, 0.12227, 0.12227
3.10498, 0.98830, 0.98830, 0.12224, 0.12224, 0.12368, 0.12368
3.11161, 0.99185, 0.99185, 0.12356, 0.12356, 0.12458, 0.12458
3.11825, 0.99205, 0.99205, 0.12446, 0.12446, 0.12545, 0.12545
3.12488, 0.99009, 0.99009, 0.12521, 0.12521, 0.12646, 0.12646
3.13151, 0.98924, 0.98924, 0.12617, 0.12617, 0.12755, 0.12755
3.13814, 0.98977, 0.98977, 0.12761, 0.12761, 0.12893, 0.12893
3.14478, 0.99010, 0.99010, 0.12912, 0.12912, 0.13042, 0.13042
3.15141, 0.99031, 0.99031, 0.13128, 0.13128, 0.13256, 0.13256
3.15804, 0.99041, 0.99041, 0.13437, 0.13437, 0.13568, 0.13568
3.16468, 0.99153, 0.99153, 0.13772, 0.13772, 0.13889, 0.13889
3.17131, 0.99207, 0.99207, 0.14037, 0.14037, 0.14149, 0.14149
3.17795, 0.99374, 0.99374, 0.14349, 0.14349, 0.14440, 0.14440
3.18458, 0.99545, 0.99545, 0.14656, 0.14656, 0.14723, 0.14723
3.19122, 0.99809, 0.99809, 0.14965, 0.14965, 0.14994, 0.14994
3.19785, 0.99883, 0.99883, 0.15285, 0.15285, 0.15303, 0.15303
3.20449, 0.99885, 0.99885, 0.15605, 0.15605, 0.15623, 0.15623
3.21113, 0.99974, 0.99974, 0.15893, 0.15893, 0.15897, 0.15897
3.21776, 1.00008, 1.00008, 0.16226, 0.16226, 0.16225, 0.16225
3.22440, 0.99907, 0.99907, 0.16603, 0.16603, 0.16619, 0.16619
3.23104, 0.99784, 0.99784, 0.16922, 0.16922, 0.16959, 0.16959
3.23768, 0.99934, 0.99934, 0.17250, 0.17250, 0.17261, 0.17261
3.24432, 1.00225, 1.00225, 0.17612, 0.17612, 0.17572, 0.17572
3.25096, 1.00077, 1.00077, 0.17936, 0.17936, 0.17922, 0.17922
3.25760, 0.99952, 0.99952, 0.18162, 0.18162, 0.18171, 0.18171
3.26424, 1.00063, 1.00063, 0.18436, 0.18436, 0.18424, 0.18424
3.27088, 1.00331, 1.00331, 0.18765, 0.18765, 0.18703, 0.18703
3.27752, 1.00502, 1.00502, 0.19157, 0.19157, 0.19062, 0.19062
3.28416, 1.00518, 1.00518, 0.19702, 0.19702, 0.19601, 0.19601
3.29080, 1.00582, 1.00582, 0.20236, 0.20236, 0.20119, 0.20119
3.29744, 1.00625, 1.00625, 0.20667, 0.20667, 0.20538, 0.20538
3.30408, 1.00582, 1.00582, 0.21039, 0.21039, 0.20917, 0.20917
3.31073, 1.00701, 1.00701, 0.21525, 0.21525, 0.21376, 0.21376
3.31737, 1.00775, 1.00775, 0.21933, 0.21933, 0.21764, 0.21764
3.32401, 1.00765, 1.00765, 0.22301, 0.22301, 0.22132, 0.22132
3.33066, 1.00574, 1.00574, 0.22718, 0.22718, 0.22588, 0.22588
3.33730, 1.00392, 1.00392, 0.23156, 0.23156, 0.23066, 0.23066
3.34395, 1.00562, 1.00562, 0.23551, 0.23551, 0.23420, 0.23420
3.35059, 1.00849, 1.00849, 0.23968, 0.23968, 0.23766, 0.23766
3.35724, 1.01049, 1.01049, 0.24466, 0.24466, 0.24212, 0.24212
3.36388, 1.01226, 1.01226, 0.24968, 0.24968, 0.24665, 0.24665
3.37053, 1.01436, 1.01436, 0.25397, 0.25397, 0.25038, 0.25038
3.37717, 1.01700, 1.01700, 0.25888, 0.25888, 0.25455, 0.25455
3.38382, 1.01828, 1.01828, 0.26332, 0.26332, 0.25859, 0.25859
3.39047, 1.01849, 1.01849, 0.26691, 0.26691, 0.26206, 0.26206
3.39712, 1.01969, 1.01969, 0.27071, 0.27071, 0.26549, 0.26549
3.40376, 1.02084, 1.02084, 0.27585, 0.27585, 0.27021, 0.27021
3.41041, 1.02093, 1.02093, 0.27996, 0.27996, 0.27422, 0.27422
3.41706, 1.02126, 1.02126, 0.28297, 0.28297, 0.27708, 0.27708
3.42371, 1.02208, 1.02208, 0.28723, 0.28723, 0.28102, 0.28102
3.43036, 1.02291, 1.02291, 0.29259, 0.29259, 0.28604, 0.28604
3.43701, 1.02363, 1.02363, 0.29619, 0.29619, 0.28935, 0.28935
3.44366, 1.02466, 1.02466, 0.29894, 0.29894, 0.29175, 0.29175
3.45031, 1.02628, 1.02628, 0.30326, 0.30326, 0.29549, 0.29549
3.45696, 1.02822, 1.02822, 0.30856, 0.30856, 0.30009, 0.30009
3.46361, 1.02919, 1.02919, 0.31232, 0.31232, 0.30346, 0.30346
3.47026, 1.02810, 1.02810, 0.31573, 0.31573, 0.30710, 0.30710
3.47692, 1.02844, 1.02844, 0.32141, 0.32141, 0.31252, 0.31252
3.48357, 1.02932, 1.02932, 0.32668, 0.32668, 0.31737, 0.31737
3.49022, 1.03068, 1.03068, 0.32954, 0.32954, 0.31973, 0.31973
3.49687, 1.03327, 1.03327, 0.33444, 0.33444, 0.32367, 0.32367
3.50353, 1.03532, 1.03532, 0.34206, 0.34206, 0.33039, 0.33039
3.51018, 1.03779, 1.03779, 0.34910, 0.34910, 0.33639, 0.33639
3.51684, 1.03917, 1.03917, 0.35475, 0.35475, 0.34138, 0.34138
3.52349, 1.03875, 1.03875, 0.36264, 0.36264, 0.34911, 0.34911
3.53015, 1.03973, 1.03973, 0.37317, 0.37317, 0.35891, 0.35891
3.53680, 1.04140, 1.04140, 0.37941, 0.37941, 0.36432, 0.36432
3.54346, 1.04363, 1.04363, 0.38320, 0.38320, 0.36718, 0.36718
3.55011, 1.04443, 1.04443, 0.39007, 0.39007, 0.37348, 0.37348
3.55677, 1.04532, 1.04532, 0.39990, 0.39990, 0.38256, 0.38256
3.56343, 1.04755, 1.04755, 0.40640, 0.40640, 0.38796, 0.38796
3.57008, 1.05090, 1.05090, 0.41021, 0.41021, 0.39034, 0.39034
3.57674, 1.05323, 1.05323, 0.41644, 0.41644, 0.39539, 0.39539
3.58340, 1.05422, 1.05422, 0.42502, 0.42502, 0.40316, 0.40316
3.59006, 1.05321, 1.05321, 0.42921, 0.42921, 0.40753, 0.40753
3.59672, 1.05185, 1.05185, 0.43070, 0.43070, 0.40947, 0.40947
3.60338, 1.05223, 1.05223, 0.43648, 0.43648, 0.41481, 0.41481
3.61004, 1.05507, 1.05507, 0.44488, 0.44488, 0.42166, 0.42166
3.61670, 1.05751, 1.05751, 0.44814, 0.44814, 0.42377, 0.42377
3.62336, 1.05999, 1.05999, 0.44868, 0.44868, 0.42329, 0.42329
3.63002, 1.06398, 1.06398, 0.45538, 0.45538, 0.42800, 0.42800
3.63668, 1.06956, 1.06956, 0.46649, 0.46649, 0.43615, 0.43615
3.64334, 1.07329, 1.07329, 0.47220, 0.47220, 0.43995, 0.43995
3.65000, 1.07441, 1.07441, 0.47275, 0.47275, 0.44001, 0.44001
3.65667, 1.07317, 1.07317, 0.47752, 0.47752, 0.44496, 0.44496
3.66333, 1.07275, 1.07275, 0.48746, 0.48746, 0.45441, 0.45441
3.66999, 1.07301, 1.07301, 0.49191, 0.49191, 0.45844, 0.45844
3.67665, 1.07431, 1.07431, 0.49159, 0.49159, 0.45759, 0.45759
3.68332, 1.07666, 1.07666, 0.49686, 0.49686, 0.46148, 0.46148
3.68998, 1.07799, 1.07799, 0.50889, 0.50889, 0.47207, 0.47207
3.69665, 1.07897, 1.07897, 0.51571, 0.51571, 0.47796, 0.47796
3.70331, 1.07968, 1.07968, 0.51416, 0.51416, 0.47622, 0.47622
3.70998, 1.08090, 1.08090, 0.51456, 0.51456, 0.47605, 0.47605
3.71664, 1.08334, 1.08334, 0.52369, 0.52369, 0.48340, 0.48340
3.72331, 1.08579, 1.08579, 0.53124, 0.53124, 0.48927, 0.48927
3.72998, 1.08793, 1.08793, 0.53134, 0.53134, 0.48840, 0.48840
3.73664, 1.09164, 1.09164, 0.53187, 0.53187, 0.48722, 0.48722
3.74331, 1.09523, 1.09523, 0.54148, 0.54148, 0.49440, 0.49440
3.74998, 1.09844, 1.09844, 0.55017, 0.55017, 0.50086, 0.50086
3.75665, 1.10037, 1.10037, 0.54886, 0.54886, 0.49879, 0.49879
3.76331, 1.10077, 1.10077, 0.54394, 0.54394, 0.49414, 0.49414
3.76998, 1.09977, 1.09977, 0.54716, 0.54716, 0.49752, 0.49752
3.77665, 1.10084, 1.10084, 0.55917, 0.55917, 0.50795, 0.50795
3.78332, 1.10268, 1.10268, 0.56325, 0.56325, 0.51080, 0.51080
3.78999, 1.10406, 1.10406, 0.55937, 0.55937, 0.50664, 0.50664
3.79666, 1.10469, 1.10469, 0.55808, 0.55808, 0.50519, 0.50519
3.80333, 1.10739, 1.10739, 0.56889, 0.56889, 0.51372, 0.51372
3.81000, 1.11143, 1.11143, 0.57865, 0.57865, 0.52063, 0.52063
3.81667, 1.11365, 1.11365, 0.57572, 0.57572, 0.51696, 0.51696
3.82335, 1.11426, 1.11426, 0.56892, 0.56892, 0.51058, 0.51058
3.83002, 1.11492, 1.11492, 0.57279, 0.57279, 0.51375, 0.51375
3.83669, 1.11743, 1.11743, 0.58653, 0.58653, 0.52489, 0.52489
3.84336, 1.12151, 1.12151, 0.59422, 0.59422, 0.52984, 0.52984
3.85004, 1.12553, 1.12553, 0.58971, 0.58971, 0.52394, 0.52394
3.85671, 1.12911, 1.12911, 0.58507, 0.58507, 0.51817, 0.51817
3.86339, 1.13318, 1.13318, 0.58938, 0.58938, 0.52011, 0.52011
3.87006, 1.13549, 1.13549, 0.60029, 0.60029, 0.52866, 0.52866
3.87673, 1.13656, 1.13656, 0.60336, 0.60336, 0.53087, 0.53087
3.88341, 1.13898, 1.13898, 0.59868, 0.59868, 0.52563, 0.52563
3.89008, 1.14339, 1.14339, 0.59935, 0.59935, 0.52419, 0.52419
3.89676, 1.14823, 1.14823, 0.60822, 0.60822, 0.52970, 0.52970
