0.43613, 0.99413, 0.99413, 0.04820, 0.04820, 0.04849, 0.04849
0.44263, 0.99601, 0.99601, 0.04859, 0.04859, 0.04878, 0.04878
0.44914, 0.99349, 0.99349, 0.05039, 0.05039, 0.05072, 0.05072
0.45564, 0.99463, 0.99463, 0.05277, 0.05277, 0.05306, 0.05306
0.46215, 0.99637, 0.99637, 0.05388, 0.05388, 0.05408, 0.05408
0.46865, 1.00114, 1.00114, 0.05634, 0.05634, 0.05627, 0.05627
0.47516, 1.00140, 1.00140, 0.05912, 0.05912, 0.05904, 0.05904
0.48167, 0.99941, 0.99941, 0.06141, 0.06141, 0.06144, 0.06144
0.48817, 1.00279, 1.00279, 0.06352, 0.06352, 0.06334, 0.06334
0.49468, 1.00562, 1.00562, 0.06839, 0.06839, 0.06800, 0.06800
0.50119, 1.00533, 1.00533, 0.07028, 0.07028, 0.06990, 0.06990
0.50770, 1.00650, 1.00650, 0.07474, 0.07474, 0.07426, 0.07426
0.51421, 1.00812, 1.00812, 0.07629, 0.07629, 0.07567, 0.07567
0.52072, 1.00844, 1.00844, 0.08122, 0.08122, 0.08054, 0.08054
0.52723, 1.01122, 1.01122, 0.08524, 0.08524, 0.08430, 0.08430
0.53374, 1.01259, 1.01259, 0.09085, 0.09085, 0.08972, 0.08972
0.54025, 1.01339, 1.01339, 0.09349, 0.09349, 0.09225, 0.09225
0.54676, 1.02022, 1.02022, 0.09854, 0.09854, 0.09659, 0.09659
0.55327, 1.02199, 1.02199, 0.10442, 0.10442, 0.10218, 0.10218
0.55978, 1.02213, 1.02213, 0.11214, 0.11214, 0.10971, 0.10971
0.56629, 1.02980, 1.02980, 0.12117, 0.12117, 0.11767, 0.11767
0.57281, 1.03061, 1.03061, 0.13012, 0.13012, 0.12626, 0.12626
0.57932, 1.03332, 1.03332, 0.13754, 0.13754, 0.13310, 0.13310
0.58583, 1.03292, 1.03292, 0.14591, 0.14591, 0.14126, 0.14126
0.59235, 1.03615, 1.03615, 0.15215, 0.15215, 0.14684, 0.14684
0.59886, 1.03552, 1.03552, 0.15745, 0.15745, 0.15205, 0.15205
0.60538, 1.03512, 1.03512, 0.15975, 0.15975, 0.15433, 0.15433
0.61189, 1.03702, 1.03702, 0.16732, 0.16732, 0.16135, 0.16135
0.61841, 1.03778, 1.03778, 0.17167, 0.17167, 0.16543, 0.16543
0.62492, 1.03939, 1.03939, 0.17739, 0.17739, 0.17067, 0.17067
0.63144, 1.03912, 1.03912, 0.18172, 0.18172, 0.17488, 0.17488
0.70968, 1.04312, 1.04312, 0.20481, 0.20481, 0.19634, 0.19634
0.71620, 1.04625, 1.04625, 0.20699, 0.20699, 0.19784, 0.19784
0.72272, 1.04587, 1.04587, 0.21118, 0.21118, 0.20192, 0.20192
0.72925, 1.04455, 1.04596, 0.21252, 0.21039, 0.20346, 0.20115
0.73577, 1.04398, 1.04545, 0.21024, 0.20804, 0.20138, 0.19900
0.74230, 1.04362, 1.04515, 0.20861, 0.20634, 0.19989, 0.19743
0.74882, 1.04413, 1.04572, 0.20989, 0.20751, 0.20102, 0.19844
0.75535, 1.04496, 1.04662, 0.21197, 0.20948, 0.20285, 0.20015
0.76187, 1.04369, 1.04541, 0.21251, 0.20991, 0.20362, 0.20080
0.76840, 1.04189, 1.04368, 0.21174, 0.20904, 0.20322, 0.20030
0.77492, 1.04175, 1.04360, 0.21224, 0.20944, 0.20374, 0.20069
0.78145, 1.04238, 1.04430, 0.21033, 0.20744, 0.20178, 0.19864
0.78798, 1.04098, 1.04297, 0.21034, 0.20735, 0.20206, 0.19880
0.79451, 1.04071, 1.04278, 0.20783, 0.20476, 0.19970, 0.19636
0.80104, 1.03926, 1.04140, 0.20810, 0.20491, 0.20024, 0.19676
0.80756, 1.03834, 1.04056, 0.20824, 0.20493, 0.20055, 0.19694
0.81409, 1.03826, 1.04056, 0.20959, 0.20613, 0.20186, 0.19809
0.82062, 1.03790, 1.04028, 0.20825, 0.20469, 0.20065, 0.19677
0.82715, 1.03611, 1.03858, 0.20735, 0.20368, 0.20012, 0.19612
0.83368, 1.03632, 1.03887, 0.20645, 0.20267, 0.19922, 0.19508
0.84022, 1.03458, 1.03722, 0.20620, 0.20229, 0.19931, 0.19503
0.84675, 1.03398, 1.03671, 0.20343, 0.19944, 0.19675, 0.19237
0.85328, 1.03446, 1.03728, 0.20113, 0.19704, 0.19443, 0.18996
0.85981, 1.03379, 1.03671, 0.20444, 0.20014, 0.19776, 0.19305
0.86634, 1.03305, 1.03607, 0.20404, 0.19961, 0.19751, 0.19266
0.87288, 1.03287, 1.03598, 0.20199, 0.19745, 0.19556, 0.19060
0.87941, 1.03305, 1.03627, 0.19867, 0.19406, 0.19231, 0.18726
0.88595, 1.03329, 1.03662, 0.19940, 0.19462, 0.19297, 0.18774
0.89248, 1.03345, 1.03689, 0.20142, 0.19644, 0.19490, 0.18945
0.89902, 1.03331, 1.03686, 0.19740, 0.19236, 0.19104, 0.18552
0.90555, 1.03352, 1.03718, 0.19587, 0.19070, 0.18952, 0.18387
0.91209, 1.03315, 1.03693, 0.19531, 0.18999, 0.18904, 0.18323
0.91862, 1.03252, 1.03642, 0.19569, 0.19020, 0.18953, 0.18351
0.92516, 1.03459, 1.03861, 0.19408, 0.18846, 0.18759, 0.18145
0.93170, 1.03401, 1.03816, 0.19352, 0.18774, 0.18715, 0.18084
0.93824, 1.03564, 1.03992, 0.19289, 0.18696, 0.18625, 0.17978
0.94477, 1.03664, 1.04106, 0.19475, 0.18858, 0.18787, 0.18114
0.95131, 1.03791, 1.04246, 0.19519, 0.18881, 0.18806, 0.18112
0.95785, 1.03765, 1.04234, 0.19407, 0.18755, 0.18703, 0.17993
0.96439, 1.03851, 1.04335, 0.19460, 0.18786, 0.18738, 0.18006
0.97093, 1.03949, 1.04447, 0.19294, 0.18606, 0.18561, 0.17814
0.97747, 1.04058, 1.04572, 0.19195, 0.18491, 0.18446, 0.17682
0.98401, 1.04143, 1.04672, 0.18905, 0.18191, 0.18153, 0.17379
0.99055, 1.04506, 1.05052, 0.19045, 0.18305, 0.18224, 0.17425
0.99710, 1.04649, 1.05211, 0.19104, 0.18341, 0.18255, 0.17433
1.00364, 1.05103, 1.05683, 0.18984, 0.18205, 0.18063, 0.17226
1.01018, 1.05365, 1.05963, 0.18850, 0.18055, 0.17890, 0.17039
1.04720, 1.06519, 1.06519, 0.19387, 0.19387, 0.18201, 0.18201
1.05375, 1.06681, 1.06681, 0.19431, 0.19431, 0.18214, 0.18214
1.06030, 1.06000, 1.06000, 0.19519, 0.19519, 0.18414, 0.18414
1.06685, 1.06303, 1.06303, 0.19582, 0.19582, 0.18421, 0.18421
1.07341, 1.06242, 1.06242, 0.19407, 0.19407, 0.18267, 0.18267
1.07996, 1.06677, 1.06677, 0.19283, 0.19283, 0.18076, 0.18076
1.08651, 1.06364, 1.06364, 0.19316, 0.19316, 0.18160, 0.18160
1.09307, 1.05972, 1.05972, 0.19341, 0.19341, 0.18251, 0.18251
1.09962, 1.06554, 1.06554, 0.19707, 0.19707, 0.18495, 0.18495
1.10617, 1.06548, 1.06548, 0.19916, 0.19916, 0.18692, 0.18692
1.11273, 1.06421, 1.06421, 0.19693, 0.19693, 0.18505, 0.18505
1.11928, 1.06356, 1.06356, 0.19866, 0.19866, 0.18679, 0.18679
1.12584, 1.06566, 1.06566, 0.19748, 0.19748, 0.18531, 0.18531
1.13239, 1.06553, 1.06553, 0.19804, 0.19804, 0.18586, 0.18586
1.13895, 1.06215, 1.06215, 0.19753, 0.19753, 0.18597, 0.18597
1.14551, 1.06760, 1.06760, 0.19903, 0.19903, 0.18643, 0.18643
1.15206, 1.06605, 1.06605, 0.19920, 0.19920, 0.18686, 0.18686
1.15862, 1.06564, 1.06564, 0.19925, 0.19925, 0.18698, 0.18698
1.16518, 1.06555, 1.06555, 0.19910, 0.19910, 0.18685, 0.18685
1.17173, 1.06637, 1.06637, 0.19959, 0.19959, 0.18717, 0.18717
1.17829, 1.06587, 1.06587, 0.19732, 0.19732, 0.18513, 0.18513
1.18485, 1.06742, 1.06742, 0.20002, 0.20002, 0.18738, 0.18738
1.19141, 1.06683, 1.06683, 0.20312, 0.20312, 0.19040, 0.19040
1.19797, 1.06382, 1.06382, 0.19975, 0.19975, 0.18777, 0.18777
1.20453, 1.07014, 1.07014, 0.19953, 0.19953, 0.18645, 0.18645
1.21109, 1.06931, 1.06931, 0.19966, 0.19966, 0.18671, 0.18671
1.21765, 1.07252, 1.07252, 0.19941, 0.19941, 0.18592, 0.18592
1.22421, 1.07150, 1.07150, 0.19950, 0.19950, 0.18619, 0.18619
1.23077, 1.07341, 1.07341, 0.20057, 0.20057, 0.18686, 0.18686
1.23733, 1.07125, 1.07125, 0.20064, 0.20064, 0.18729, 0.18729
1.24389, 1.07283, 1.07283, 0.20172, 0.20172, 0.18802, 0.18802
1.25045, 1.07452, 1.07452, 0.20308, 0.20308, 0.18900, 0.18900
1.25701, 1.07389, 1.07389, 0.20100, 0.20100, 0.18717, 0.18717
1.26357, 1.07230, 1.07230, 0.20150, 0.20150, 0.18791, 0.18791
1.27014, 1.07529, 1.07529, 0.20357, 0.20357, 0.18932, 0.18932
1.27670, 1.07755, 1.07755, 0.20345, 0.20345, 0.18881, 0.18881
1.28326, 1.07831, 1.07831, 0.20335, 0.20335, 0.18858, 0.18858
1.28983, 1.07626, 1.07626, 0.20463, 0.20463, 0.19013, 0.19013
1.29639, 1.08136, 1.08136, 0.20725, 0.20725, 0.19166, 0.19166
1.30295, 1.07891, 1.07891, 0.20526, 0.20526, 0.19024, 0.19024
1.30952, 1.08403, 1.08403, 0.20502, 0.20502, 0.18913, 0.18913
1.31608, 1.08068, 1.08068, 0.20389, 0.20389, 0.18867, 0.18867
1.32265, 1.07612, 1.07612, 0.20564, 0.20564, 0.19110, 0.19110
1.32921, 1.07952, 1.07952, 0.20655, 0.20655, 0.19133, 0.19133
1.33578, 1.08004, 1.08004, 0.20674, 0.20674, 0.19141, 0.19141
1.34234, 1.08018, 1.08018, 0.20702, 0.20702, 0.19166, 0.19166
1.34891, 1.07902, 1.07902, 0.20725, 0.20725, 0.19208, 0.19208
1.35548, 1.08107, 1.08107, 0.20763, 0.20763, 0.19206, 0.19206
1.36205, 1.08120, 1.08120, 0.20823, 0.20823, 0.19260, 0.19260
1.36861, 1.07943, 1.07943, 0.20711, 0.20711, 0.19187, 0.19187
1.37518, 1.08226, 1.08226, 0.20757, 0.20757, 0.19179, 0.19179
1.38175, 1.08175, 1.08175, 0.20735, 0.20735, 0.19168, 0.19168
1.38832, 1.08082, 1.08082, 0.20726, 0.20726, 0.19176, 0.19176
1.39489, 1.07825, 1.07825, 0.20833, 0.20833, 0.19321, 0.19321
1.40145, 1.08061, 1.08061, 0.20846, 0.20846, 0.19291, 0.19291
1.40802, 1.07974, 1.07974, 0.20946, 0.20946, 0.19399, 0.19399
1.41459, 1.08078, 1.08078, 0.21022, 0.21022, 0.19451, 0.19451
1.42116, 1.08059, 1.08059, 0.21236, 0.21236, 0.19652, 0.19652
1.42773, 1.08242, 1.08242, 0.21185, 0.21185, 0.19572, 0.19572
1.43431, 1.08089, 1.08089, 0.21032, 0.21032, 0.19457, 0.19457
1.44088, 1.07831, 1.07831, 0.20672, 0.20672, 0.19171, 0.19171
1.44745, 1.07974, 1.07974, 0.20983, 0.20983, 0.19433, 0.19433
1.45402, 1.07885, 1.07885, 0.21172, 0.21172, 0.19624, 0.19624
1.46059, 1.07517, 1.07517, 0.21180, 0.21180, 0.19699, 0.19699
1.46716, 1.07517, 1.07517, 0.21172, 0.21172, 0.19692, 0.19692
1.47374, 1.07184, 1.07184, 0.20965, 0.20965, 0.19559, 0.19559
1.48031, 1.07175, 1.07175, 0.20976, 0.20976, 0.19571, 0.19571
1.48688, 1.07475, 1.07475, 0.20888, 0.20888, 0.19435, 0.19435
1.49346, 1.07670, 1.07670, 0.21128, 0.21128, 0.19623, 0.19623
1.50003, 1.07324, 1.07324, 0.21087, 0.21087, 0.19648, 0.19648
1.50661, 1.07687, 1.07687, 0.21055, 0.21055, 0.19552, 0.19552
1.51318, 1.07477, 1.07477, 0.21229, 0.21229, 0.19752, 0.19752
1.51976, 1.07569, 1.07569, 0.21249, 0.21249, 0.19754, 0.19754
1.52633, 1.07809, 1.07809, 0.21299, 0.21299, 0.19756, 0.19756
1.53291, 1.07763, 1.07763, 0.21253, 0.21253, 0.19722, 0.19722
1.53948, 1.07694, 1.07694, 0.21270, 0.21270, 0.19750, 0.19750
1.54606, 1.07526, 1.07526, 0.21423, 0.21423, 0.19924, 0.19924
1.55264, 1.07582, 1.07582, 0.21480, 0.21480, 0.19966, 0.19966
1.55921, 1.07866, 1.07866, 0.21429, 0.21429, 0.19867, 0.19867
1.56579, 1.07784, 1.07784, 0.21411, 0.21411, 0.19865, 0.19865
1.57237, 1.08284, 1.08284, 0.21185, 0.21185, 0.19564, 0.19564
1.57895, 1.07741, 1.07741, 0.21242, 0.21242, 0.19716, 0.19716
1.58552, 1.07859, 1.07859, 0.21402, 0.21402, 0.19843, 0.19843
1.59210, 1.07967, 1.07967, 0.21318, 0.21318, 0.19745, 0.19745
1.59868, 1.08097, 1.08097, 0.21352, 0.21352, 0.19752, 0.19752
1.60526, 1.08186, 1.08186, 0.21315, 0.21315, 0.19702, 0.19702
1.61184, 1.07685, 1.07685, 0.21210, 0.21210, 0.19697, 0.19697
1.61842, 1.07984, 1.07984, 0.21295, 0.21295, 0.19720, 0.19720
1.62500, 1.07894, 1.07894, 0.21472, 0.21472, 0.19901, 0.19901
1.63158, 1.08034, 1.08034, 0.21680, 0.21680, 0.20068, 0.20068
1.63816, 1.08042, 1.08042, 0.21473, 0.21473, 0.19875, 0.19875
1.64474, 1.08134, 1.08134, 0.21479, 0.21479, 0.19863, 0.19863
1.67107, 1.08197, 1.08197, 0.21444, 0.21444, 0.19820, 0.19820
1.67766, 1.08181, 1.08181, 0.21412, 0.21412, 0.19792, 0.19792
1.68424, 1.08419, 1.08419, 0.21413, 0.21413, 0.19750, 0.19750
1.69082, 1.08365, 1.08365, 0.21527, 0.21527, 0.19866, 0.19866
1.69741, 1.08330, 1.08330, 0.21688, 0.21688, 0.20020, 0.20020
1.70399, 1.08047, 1.08047, 0.21528, 0.21528, 0.19925, 0.19925
1.71058, 1.08099, 1.08099, 0.21587, 0.21587, 0.19970, 0.19970
1.71716, 1.09204, 1.09204, 0.21634, 0.21634, 0.19811, 0.19811
1.72375, 1.08473, 1.08473, 0.21660, 0.21660, 0.19968, 0.19968
1.73033, 1.08290, 1.08290, 0.21412, 0.21412, 0.19773, 0.19773
1.73692, 1.08482, 1.08482, 0.21413, 0.21413, 0.19739, 0.19739
1.74351, 1.09059, 1.09059, 0.21508, 0.21508, 0.19721, 0.19721
1.75009, 1.08691, 1.08691, 0.21489, 0.21489, 0.19771, 0.19771
1.75668, 1.08289, 1.08289, 0.21517, 0.21517, 0.19870, 0.19870
1.76327, 1.08477, 1.08477, 0.21636, 0.21636, 0.19945, 0.19945
1.76985, 1.08447, 1.08447, 0.21335, 0.21335, 0.19674, 0.19674
1.77644, 1.08538, 1.08538, 0.21917, 0.21917, 0.20193, 0.20193
1.78303, 1.08521, 1.08521, 0.21369, 0.21369, 0.19691, 0.19691
1.78962, 1.08415, 1.08415, 0.21341, 0.21341, 0.19684, 0.19684
1.79621, 1.08430, 1.08430, 0.21324, 0.21324, 0.19666, 0.19666
1.80280, 1.08442, 1.08442, 0.21339, 0.21339, 0.19678, 0.19678
1.80939, 1.08592, 1.08592, 0.21306, 0.21306, 0.19620, 0.19620
1.81598, 1.08450, 1.08450, 0.21311, 0.21311, 0.19651, 0.19651
1.82257, 1.08430, 1.08430, 0.21270, 0.21270, 0.19616, 0.19616
1.82916, 1.08085, 1.08085, 0.21243, 0.21243, 0.19654, 0.19654
1.83575, 1.07719, 1.07719, 0.21129, 0.21129, 0.19615, 0.19615
1.84234, 1.07420, 1.07420, 0.21058, 0.21058, 0.19604, 0.19604
1.84893, 1.07381, 1.07381, 0.21027, 0.21027, 0.19581, 0.19581
1.85552, 1.07408, 1.07408, 0.21058, 0.21058, 0.19605, 0.19605
1.86212, 1.07647, 1.07647, 0.21051, 0.21051, 0.19556, 0.19556
1.86871, 1.08076, 1.08076, 0.21148, 0.21148, 0.19568, 0.19568
1.87530, 1.08549, 1.08549, 0.21216, 0.21216, 0.19545, 0.19545
1.88190, 1.08526, 1.08526, 0.21186, 0.21186, 0.19521, 0.19521
1.88849, 1.08326, 1.08326, 0.21008, 0.21008, 0.19393, 0.19393
1.89508, 1.08264, 1.08264, 0.21083, 0.21083, 0.19474, 0.19474
1.90168, 1.08020, 1.08020, 0.21008, 0.21008, 0.19448, 0.19448
1.90827, 1.07825, 1.07825, 0.20939, 0.20939, 0.19419, 0.19419
1.91487, 1.07988, 1.07988, 0.20940, 0.20940, 0.19391, 0.19391
1.92146, 1.07617, 1.07617, 0.20871, 0.20871, 0.19394, 0.19394
1.92806, 1.07663, 1.07663, 0.20877, 0.20877, 0.19391, 0.19391
1.93465, 1.07546, 1.07546, 0.20904, 0.20904, 0.19437, 0.19437
1.94125, 1.07337, 1.07337, 0.20941, 0.20941, 0.19510, 0.19510
1.94785, 1.07582, 1.07582, 0.20923, 0.20923, 0.19449, 0.19449
1.95444, 1.07856, 1.07856, 0.20975, 0.20975, 0.19447, 0.19447
1.96104, 1.08112, 1.08112, 0.20977, 0.20977, 0.19403, 0.19403
1.96764, 1.08293, 1.08293, 0.20945, 0.20945, 0.19341, 0.19341
1.97424, 1.08212, 1.08212, 0.20878, 0.20878, 0.19294, 0.19294
1.98084, 1.07902, 1.07902, 0.20874, 0.20874, 0.19345, 0.19345
1.98743, 1.08452, 1.08452, 0.20988, 0.20988, 0.19352, 0.19352
1.99403, 1.07488, 1.07488, 0.20853, 0.20853, 0.19401, 0.19401
2.00063, 1.07735, 1.07735, 0.20862, 0.20862, 0.19364, 0.19364
2.00723, 1.07875, 1.07875, 0.20878, 0.20878, 0.19354, 0.19354
2.01383, 1.07493, 1.07493, 0.20777, 0.20777, 0.19328, 0.19328
2.02043, 1.07501, 1.07501, 0.20768, 0.20768, 0.19319, 0.19319
2.02703, 1.07662, 1.07662, 0.20861, 0.20861, 0.19377, 0.19377
2.03363, 1.07918, 1.07918, 0.20878, 0.20878, 0.19347, 0.19347
2.04024, 1.07885, 1.07885, 0.20881, 0.20881, 0.19355, 0.19355
2.04684, 1.07416, 1.07416, 0.20874, 0.20874, 0.19433, 0.19433
2.05344, 1.07716, 1.07716, 0.20885, 0.20885, 0.19389, 0.19389
2.06004, 1.07492, 1.07492, 0.20876, 0.20876, 0.19421, 0.19421
2.06664, 1.07761, 1.07761, 0.20841, 0.20841, 0.19340, 0.19340
2.07325, 1.07543, 1.07543, 0.20799, 0.20799, 0.19340, 0.19340
2.07985, 1.07627, 1.07627, 0.20852, 0.20852, 0.19374, 0.19374
2.08645, 1.07375, 1.07375, 0.20759, 0.20759, 0.19333, 0.19333
2.09306, 1.07552, 1.07552, 0.20793, 0.20793, 0.19333, 0.19333
2.09966, 1.07692, 1.07692, 0.20806, 0.20806, 0.19320, 0.19320
2.10627, 1.07263, 1.07263, 0.20741, 0.20741, 0.19336, 0.19336
2.11287, 1.07265, 1.07265, 0.20714, 0.20714, 0.19311, 0.19311
2.11948, 1.07206, 1.07206, 0.20725, 0.20725, 0.19332, 0.19332
2.12608, 1.07086, 1.07086, 0.20646, 0.20646, 0.19279, 0.19279
2.13269, 1.06996, 1.06996, 0.20668, 0.20668, 0.19317, 0.19317
2.13930, 1.06942, 1.06942, 0.20590, 0.20590, 0.19253, 0.19253
2.14590, 1.06961, 1.06961, 0.20579, 0.20579, 0.19240, 0.19240
2.15251, 1.06729, 1.06729, 0.20591, 0.20591, 0.19293, 0.19293
2.15912, 1.06626, 1.06626, 0.20609, 0.20609, 0.19329, 0.19329
2.16572, 1.06592, 1.06592, 0.20543, 0.20543, 0.19273, 0.19273
2.17233, 1.06409, 1.06409, 0.20493, 0.20493, 0.19259, 0.19259
2.17894, 1.06081, 1.06081, 0.20473, 0.20473, 0.19299, 0.19299
2.18555, 1.05847, 1.05847, 0.20369, 0.20369, 0.19244, 0.19244
2.19216, 1.05672, 1.05672, 0.20337, 0.20337, 0.19245, 0.19245
2.19877, 1.05307, 1.05307, 0.20285, 0.20285, 0.19263, 0.19263
2.20538, 1.05044, 1.05044, 0.20296, 0.20296, 0.19321, 0.19321
2.21199, 1.04734, 1.04734, 0.20101, 0.20101, 0.19193, 0.19193
2.21860, 1.04553, 1.04553, 0.20103, 0.20103, 0.19228, 0.19228
2.22521, 1.04602, 1.04602, 0.20131, 0.20131, 0.19245, 0.19245
2.23182, 1.04643, 1.04643, 0.20127, 0.20127, 0.19234, 0.19234
2.23843, 1.04409, 1.04409, 0.20033, 0.20033, 0.19187, 0.19187
2.24504, 1.04262, 1.04262, 0.20080, 0.20080, 0.19259, 0.19259
2.25165, 1.04003, 1.04003, 0.20043, 0.20043, 0.19272, 0.19272
2.25827, 1.03085, 1.03085, 0.19828, 0.19828, 0.19235, 0.19235
2.26488, 1.03012, 1.03012, 0.19793, 0.19793, 0.19214, 0.19214
2.27149, 1.03042, 1.03042, 0.19877, 0.19877, 0.19291, 0.19291
2.27810, 1.03232, 1.03232, 0.19943, 0.19943, 0.19319, 0.19319
2.28472, 1.03965, 1.03965, 0.20107, 0.20107, 0.19341, 0.19341
2.29133, 1.04663, 1.04663, 0.20223, 0.20223, 0.19322, 0.19322
2.29795, 1.05188, 1.05188, 0.20365, 0.20365, 0.19360, 0.19360
2.30456, 1.05409, 1.05409, 0.20383, 0.20383, 0.19337, 0.19337
2.31118, 1.06024, 1.06024, 0.20502, 0.20502, 0.19337, 0.19337
2.31779, 1.06047, 1.06047, 0.20451, 0.20451, 0.19284, 0.19284
2.32441, 1.06621, 1.06621, 0.20578, 0.20578, 0.19300, 0.19300
2.33102, 1.06871, 1.06871, 0.20643, 0.20643, 0.19316, 0.19316
2.33764, 1.06760, 1.06760, 0.20633, 0.20633, 0.19327, 0.19327
2.34426, 1.06440, 1.06440, 0.20656, 0.20656, 0.19406, 0.19406
2.35087, 1.06371, 1.06371, 0.20540, 0.20540, 0.19310, 0.19310
2.35749, 1.06312, 1.06312, 0.20526, 0.20526, 0.19307, 0.19307
2.36411, 1.05894, 1.05894, 0.20466, 0.20466, 0.19327, 0.19327
2.37072, 1.04875, 1.04875, 0.20274, 0.20274, 0.19331, 0.19331
2.37734, 1.04992, 1.04992, 0.20189, 0.20189, 0.19229, 0.19229
2.38396, 1.04342, 1.04342, 0.20047, 0.20047, 0.19213, 0.19213
2.39058, 1.03776, 1.03776, 0.19937, 0.19937, 0.19211, 0.19211
2.39720, 1.03290, 1.03290, 0.19857, 0.19857, 0.19224, 0.19224
2.40382, 1.02783, 1.02783, 0.19799, 0.19799, 0.19263, 0.19263
2.41044, 1.02351, 1.02351, 0.19752, 0.19752, 0.19299, 0.19299
2.41706, 1.02144, 1.02144, 0.19762, 0.19762, 0.19348, 0.19348
2.42368, 1.02094, 1.02094, 0.19795, 0.19795, 0.19389, 0.19389
2.43030, 1.01718, 1.01718, 0.19695, 0.19695, 0.19363, 0.19363
2.43692, 1.01169, 1.01169, 0.19624, 0.19624, 0.19397, 0.19397
2.44354, 1.01360, 1.01360, 0.19634, 0.19634, 0.19370, 0.19370
2.45017, 1.01098, 1.01098, 0.19554, 0.19554, 0.19341, 0.19341
2.45679, 1.00680, 1.00680, 0.19451, 0.19451, 0.19320, 0.19320
2.46341, 1.00331, 1.00331, 0.19441, 0.19441, 0.19377, 0.19377
2.47003, 1.00292, 1.00292, 0.19416, 0.19416, 0.19360, 0.19360
2.47666, 1.00139, 1.00139, 0.19300, 0.19300, 0.19273, 0.19273
2.48328, 1.00285, 1.00285, 0.19273, 0.19273, 0.19218, 0.19218
2.48990, 0.99332, 0.99332, 0.19281, 0.19281, 0.19411, 0.19411
2.49653, 0.98493, 0.98493, 0.19206, 0.19206, 0.19499, 0.19499
2.50312, 0.98831, 0.98831, 0.19137, 0.19137, 0.19364, 0.19364
2.50972, 0.98984, 0.98984, 0.19052, 0.19052, 0.19247, 0.19247
2.51632, 0.98510, 0.98510, 0.18981, 0.18981, 0.19267, 0.19267
2.52292, 0.98403, 0.98403, 0.18907, 0.18907, 0.19214, 0.19214
2.52951, 0.98517, 0.98517, 0.18849, 0.18849, 0.19133, 0.19133
2.53611, 0.98514, 0.98514, 0.18793, 0.18793, 0.19076, 0.19076
2.54271, 0.98558, 0.98558, 0.18759, 0.18759, 0.19034, 0.19034
2.54931, 0.98447, 0.98447, 0.18697, 0.18697, 0.18992, 0.18992
2.55591, 0.98674, 0.98674, 0.18639, 0.18639, 0.18889, 0.18889
2.56251, 0.98325, 0.98325, 0.18574, 0.18574, 0.18891, 0.18891
2.56911, 0.98280, 0.98280, 0.18452, 0.18452, 0.18775, 0.18775
2.57571, 0.97799, 0.97799, 0.18365, 0.18365, 0.18778, 0.18778
2.58231, 0.97601, 0.97601, 0.18273, 0.18273, 0.18722, 0.18722
2.58891, 0.97482, 0.97482, 0.18175, 0.18175, 0.18645, 0.18645
2.59551, 0.96870, 0.96870, 0.18098, 0.18098, 0.18682, 0.18682
2.60212, 0.96790, 0.96790, 0.17999, 0.17999, 0.18595, 0.18595
2.60872, 0.96321, 0.96321, 0.18008, 0.18008, 0.18695, 0.18695
2.61532, 0.95974, 0.95974, 0.17898, 0.17898, 0.18649, 0.18649
2.62192, 0.96353, 0.96353, 0.18158, 0.18158, 0.18845, 0.18845
2.62853, 0.96079, 0.96079, 0.17979, 0.17979, 0.18713, 0.18713
2.63513, 0.96296, 0.96296, 0.18008, 0.18008, 0.18701, 0.18701
2.64174, 0.96694, 0.96694, 0.17943, 0.17943, 0.18557, 0.18557
2.64834, 0.96772, 0.96772, 0.17810, 0.17810, 0.18404, 0.18404
2.65495, 0.97750, 0.97750, 0.17589, 0.17589, 0.17994, 0.17994
2.84004, 0.83085, 0.83085, 0.04429, 0.04429, 0.05330, 0.05330
2.84666, 65535.0, 65535.0, 65535.0, 65535.0, 0.05687, 0.05687
2.85328, 65535.0, 65535.0, 65535.0, 65535.0, 0.06000, 0.06000
2.85989, 65535.0, 65535.0, 65535.0, 65535.0, 0.06044, 0.06044
2.86651, 65535.0, 65535.0, 65535.0, 65535.0, 0.06014, 0.06014
2.87313, 65535.0, 65535.0, 65535.0, 65535.0, 0.06016, 0.06016
2.87975, 0.83372, 0.83372, 0.04976, 0.04976, 0.05969, 0.05969
2.88636, 0.82906, 0.82906, 0.04964, 0.04964, 0.05987, 0.05987
2.89298, 0.82145, 0.82145, 0.05000, 0.05000, 0.06086, 0.06086
2.89960, 0.79464, 0.79464, 0.04965, 0.04965, 0.06248, 0.06248
2.90622, 0.78331, 0.78331, 0.04978, 0.04978, 0.06355, 0.06355
2.91284, 0.79024, 0.79024, 0.04969, 0.04969, 0.06289, 0.06289
2.91946, 0.79569, 0.79569, 0.04951, 0.04951, 0.06222, 0.06222
2.92608, 0.79992, 0.79992, 0.04966, 0.04966, 0.06209, 0.06209
2.93270, 0.80760, 0.80760, 0.05030, 0.05030, 0.06228, 0.06228
2.93932, 0.81370, 0.81370, 0.05064, 0.05064, 0.06223, 0.06223
2.94595, 0.81931, 0.81931, 0.05119, 0.05119, 0.06248, 0.06248
2.95257, 0.82635, 0.82635, 0.05169, 0.05169, 0.06255, 0.06255
2.95919, 0.82773, 0.82773, 0.05141, 0.05141, 0.06211, 0.06211
2.96581, 0.82094, 0.82094, 0.05144, 0.05144, 0.06266, 0.06266
2.97244, 0.81210, 0.81210, 0.05155, 0.05155, 0.06348, 0.06348
2.97906, 0.80220, 0.80220, 0.05181, 0.05181, 0.06459, 0.06459
2.98568, 0.80122, 0.80122, 0.05232, 0.05232, 0.06530, 0.06530
2.99231, 0.80776, 0.80776, 0.05344, 0.05344, 0.06616, 0.06616
2.99893, 0.81598, 0.81598, 0.05443, 0.05443, 0.06670, 0.06670
3.00556, 0.80827, 0.80827, 0.05450, 0.05450, 0.06743, 0.06743
3.01218, 0.78576, 0.78576, 0.05459, 0.05459, 0.06948, 0.06948
3.01881, 0.76437, 0.76437, 0.05505, 0.05505, 0.07202, 0.07202
3.02544, 0.75337, 0.75337, 0.05573, 0.05573, 0.07398, 0.07398
3.03206, 0.76685, 0.76685, 0.05693, 0.05693, 0.07424, 0.07424
3.03869, 0.79309, 0.79309, 0.05816, 0.05816, 0.07333, 0.07333
3.04532, 0.80848, 0.80848, 0.05855, 0.05855, 0.07242, 0.07242
3.05195, 0.81372, 0.81372, 0.05839, 0.05839, 0.07176, 0.07176
3.05857, 0.80815, 0.80815, 0.05804, 0.05804, 0.07182, 0.07182
3.06520, 0.80154, 0.80154, 0.05718, 0.05718, 0.07133, 0.07133
3.07183, 0.80512, 0.80512, 0.05706, 0.05706, 0.07087, 0.07087
3.07846, 0.81058, 0.81058, 0.05811, 0.05811, 0.07170, 0.07170
3.08509, 0.80778, 0.80778, 0.05992, 0.05992, 0.07418, 0.07418
3.09172, 0.80932, 0.80932, 0.06132, 0.06132, 0.07577, 0.07577
3.09835, 0.80660, 0.80660, 0.06161, 0.06161, 0.07638, 0.07638
3.10498, 0.80715, 0.80715, 0.06235, 0.06235, 0.07725, 0.07725
3.11161, 0.80094, 0.80094, 0.06235, 0.06235, 0.07785, 0.07785
3.11825, 0.79239, 0.79239, 0.06289, 0.06289, 0.07937, 0.07937
3.12488, 0.78848, 0.78848, 0.06259, 0.06259, 0.07938, 0.07938
3.13151, 0.79486, 0.79486, 0.06395, 0.06395, 0.08045, 0.08045
3.13814, 0.80656, 0.80656, 0.06462, 0.06462, 0.08011, 0.08011
3.14478, 0.81367, 0.81367, 0.06566, 0.06566, 0.08069, 0.08069
3.15141, 0.81797, 0.81797, 0.06746, 0.06746, 0.08247, 0.08247
3.15804, 0.82124, 0.82124, 0.06936, 0.06936, 0.08446, 0.08446
3.16468, 0.82379, 0.82379, 0.07115, 0.07115, 0.08638, 0.08638
3.17131, 0.82214, 0.82214, 0.07261, 0.07261, 0.08832, 0.08832
3.17795, 0.81899, 0.81899, 0.07347, 0.07347, 0.08971, 0.08971
3.18458, 0.81830, 0.81830, 0.07473, 0.07473, 0.09133, 0.09133
3.19122, 0.82187, 0.82187, 0.07618, 0.07618, 0.09270, 0.09270
3.19785, 0.82367, 0.82367, 0.07779, 0.07779, 0.09444, 0.09444
3.20449, 0.82114, 0.82114, 0.07947, 0.07947, 0.09678, 0.09678
3.21113, 0.81480, 0.81480, 0.08096, 0.08096, 0.09936, 0.09936
3.21776, 0.81113, 0.81113, 0.08204, 0.08204, 0.10115, 0.10115
3.22440, 0.81454, 0.81454, 0.08343, 0.08343, 0.10243, 0.10243
3.23104, 0.81724, 0.81724, 0.08554, 0.08554, 0.10468, 0.10468
3.23768, 0.81148, 0.81148, 0.08696, 0.08696, 0.10717, 0.10717
3.24432, 0.80652, 0.80652, 0.08818, 0.08818, 0.10933, 0.10933
3.25096, 0.80443, 0.80443, 0.08987, 0.08987, 0.11172, 0.11172
3.25760, 0.80520, 0.80520, 0.09170, 0.09170, 0.11388, 0.11388
3.26424, 0.80288, 0.80288, 0.09205, 0.09205, 0.11465, 0.11465
3.27088, 0.81164, 0.81164, 0.09393, 0.09393, 0.11573, 0.11573
3.27752, 0.83313, 0.83313, 0.09726, 0.09726, 0.11674, 0.11674
3.28416, 0.85420, 0.85420, 0.10088, 0.10088, 0.11810, 0.11810
3.29080, 0.86129, 0.86129, 0.10361, 0.10361, 0.12030, 0.12030
3.29744, 0.85054, 0.85054, 0.10547, 0.10547, 0.12401, 0.12401
3.30408, 0.83338, 0.83338, 0.10616, 0.10616, 0.12738, 0.12738
3.31073, 0.81937, 0.81937, 0.10708, 0.10708, 0.13068, 0.13068
3.31737, 0.81860, 0.81860, 0.10929, 0.10929, 0.13351, 0.13351
3.32401, 0.82540, 0.82540, 0.11173, 0.11173, 0.13537, 0.13537
3.33066, 0.83395, 0.83395, 0.11515, 0.11515, 0.13807, 0.13807
3.33730, 0.83752, 0.83752, 0.11774, 0.11774, 0.14058, 0.14058
3.34395, 0.83933, 0.83933, 0.12058, 0.12058, 0.14366, 0.14366
3.35059, 0.84086, 0.84086, 0.12259, 0.12259, 0.14580, 0.14580
3.35724, 0.84854, 0.84854, 0.12544, 0.12544, 0.14783, 0.14783
3.36388, 0.85364, 0.85364, 0.12823, 0.12823, 0.15021, 0.15021
3.37053, 0.85332, 0.85332, 0.13036, 0.13036, 0.15276, 0.15276
3.37717, 0.84759, 0.84759, 0.13188, 0.13188, 0.15559, 0.15559
3.38382, 0.84183, 0.84183, 0.13352, 0.13352, 0.15861, 0.15861
3.39047, 0.83811, 0.83811, 0.13550, 0.13550, 0.16167, 0.16167
3.39712, 0.83683, 0.83683, 0.13766, 0.13766, 0.16451, 0.16451
3.40376, 0.83519, 0.83519, 0.13959, 0.13959, 0.16714, 0.16714
3.41041, 0.83300, 0.83300, 0.14177, 0.14177, 0.17019, 0.17019
3.41706, 0.82602, 0.82602, 0.14321, 0.14321, 0.17338, 0.17338
3.42371, 0.81856, 0.81856, 0.14437, 0.14437, 0.17637, 0.17637
3.43036, 0.81480, 0.81480, 0.14625, 0.14625, 0.17949, 0.17949
3.43701, 0.82086, 0.82086, 0.14948, 0.14948, 0.18210, 0.18210
3.44366, 0.83661, 0.83661, 0.15313, 0.15313, 0.18303, 0.18303
3.45031, 0.85224, 0.85224, 0.15682, 0.15682, 0.18401, 0.18401
3.45696, 0.85966, 0.85966, 0.16019, 0.16019, 0.18634, 0.18634
3.46361, 0.85423, 0.85423, 0.16261, 0.16261, 0.19036, 0.19036
3.47026, 0.85148, 0.85148, 0.16478, 0.16478, 0.19352, 0.19352
3.47692, 0.85178, 0.85178, 0.16653, 0.16653, 0.19551, 0.19551
3.48357, 0.85205, 0.85205, 0.16939, 0.16939, 0.19880, 0.19880
3.49022, 0.84710, 0.84710, 0.17123, 0.17123, 0.20213, 0.20213
3.49687, 0.84168, 0.84168, 0.17307, 0.17307, 0.20562, 0.20562
3.50353, 0.84240, 0.84240, 0.17543, 0.17543, 0.20825, 0.20825
3.51018, 0.84343, 0.84343, 0.17978, 0.17978, 0.21315, 0.21315
3.51684, 0.84314, 0.84314, 0.18477, 0.18477, 0.21914, 0.21914
3.52349, 0.84306, 0.84306, 0.19004, 0.19004, 0.22542, 0.22542
3.53015, 0.84382, 0.84382, 0.19494, 0.19494, 0.23102, 0.23102
3.53680, 0.84556, 0.84556, 0.19916, 0.19916, 0.23554, 0.23554
3.54346, 0.84824, 0.84824, 0.20420, 0.20420, 0.24073, 0.24073
3.55011, 0.84741, 0.84741, 0.20753, 0.20753, 0.24489, 0.24489
3.55677, 0.84274, 0.84274, 0.20983, 0.20983, 0.24899, 0.24899
3.56343, 0.84298, 0.84298, 0.21431, 0.21431, 0.25423, 0.25423
3.57008, 0.84857, 0.84857, 0.21858, 0.21858, 0.25759, 0.25759
3.57674, 0.85332, 0.85332, 0.22269, 0.22269, 0.26097, 0.26097
3.58340, 0.85652, 0.85652, 0.22573, 0.22573, 0.26354, 0.26354
3.59006, 0.85806, 0.85806, 0.23016, 0.23016, 0.26823, 0.26823
3.59672, 0.85852, 0.85852, 0.23437, 0.23437, 0.27299, 0.27299
3.60338, 0.85913, 0.85913, 0.23763, 0.23763, 0.27659, 0.27659
3.61004, 0.85970, 0.85970, 0.23985, 0.23985, 0.27899, 0.27899
3.61670, 0.85842, 0.85842, 0.24237, 0.24237, 0.28235, 0.28235
3.62336, 0.85623, 0.85623, 0.24536, 0.24536, 0.28655, 0.28655
3.63002, 0.85460, 0.85460, 0.24790, 0.24790, 0.29008, 0.29008
3.63668, 0.85112, 0.85112, 0.25040, 0.25040, 0.29420, 0.29420
3.64334, 0.85038, 0.85038, 0.25443, 0.25443, 0.29919, 0.29919
3.65000, 0.85581, 0.85581, 0.25842, 0.25842, 0.30196, 0.30196
3.65667, 0.86505, 0.86505, 0.26175, 0.26175, 0.30259, 0.30259
3.66333, 0.86795, 0.86795, 0.26458, 0.26458, 0.30483, 0.30483
3.66999, 0.86229, 0.86229, 0.26669, 0.26669, 0.30928, 0.30928
3.67665, 0.85351, 0.85351, 0.26833, 0.26833, 0.31438, 0.31438
3.68332, 0.84842, 0.84842, 0.26961, 0.26961, 0.31778, 0.31778
3.68998, 0.84840, 0.84840, 0.27197, 0.27197, 0.32056, 0.32056
3.69665, 0.84888, 0.84888, 0.27703, 0.27703, 0.32634, 0.32634
3.70331, 0.84883, 0.84883, 0.28214, 0.28214, 0.33239, 0.33239
3.70998, 0.84786, 0.84786, 0.28388, 0.28388, 0.33481, 0.33481
3.71664, 0.84808, 0.84808, 0.28359, 0.28359, 0.33439, 0.33439
3.72331, 0.84678, 0.84678, 0.28550, 0.28550, 0.33716, 0.33716
3.72998, 0.84658, 0.84658, 0.28974, 0.28974, 0.34224, 0.34224
3.73664, 0.84759, 0.84759, 0.29344, 0.29344, 0.34620, 0.34620
3.74331, 0.84986, 0.84986, 0.29507, 0.29507, 0.34720, 0.34720
3.74998, 0.84858, 0.84858, 0.29609, 0.29609, 0.34892, 0.34892
3.75665, 0.84668, 0.84668, 0.29842, 0.29842, 0.35246, 0.35246
3.76331, 0.84389, 0.84389, 0.30044, 0.30044, 0.35601, 0.35601
3.76998, 0.84084, 0.84084, 0.30162, 0.30162, 0.35871, 0.35871
3.77665, 0.83806, 0.83806, 0.30250, 0.30250, 0.36095, 0.36095
3.78332, 0.83440, 0.83440, 0.30464, 0.30464, 0.36509, 0.36509
3.78999, 0.82993, 0.82993, 0.30796, 0.30796, 0.37107, 0.37107
3.79666, 0.82809, 0.82809, 0.31048, 0.31048, 0.37494, 0.37494
3.80333, 0.82862, 0.82862, 0.31201, 0.31201, 0.37655, 0.37655
3.81000, 0.83196, 0.83196, 0.31573, 0.31573, 0.37950, 0.37950
3.81667, 0.83424, 0.83424, 0.31962, 0.31962, 0.38313, 0.38313
3.82335, 0.83376, 0.83376, 0.32140, 0.32140, 0.38548, 0.38548
3.83002, 0.83075, 0.83075, 0.32063, 0.32063, 0.38595, 0.38595
3.83669, 0.82793, 0.82793, 0.32091, 0.32091, 0.38761, 0.38761
3.84336, 0.82486, 0.82486, 0.32392, 0.32392, 0.39270, 0.39270
3.85004, 0.82218, 0.82218, 0.32765, 0.32765, 0.39851, 0.39851
3.85671, 0.81861, 0.81861, 0.32779, 0.32779, 0.40043, 0.40043
3.86339, 0.81668, 0.81668, 0.32727, 0.32727, 0.40073, 0.40073
3.87006, 0.81788, 0.81788, 0.32976, 0.32976, 0.40319, 0.40319
3.87673, 0.82156, 0.82156, 0.33546, 0.33546, 0.40832, 0.40832
3.88341, 0.82346, 0.82346, 0.34226, 0.34226, 0.41563, 0.41563
3.89008, 0.83497, 0.83497, 0.34519, 0.34519, 0.41341, 0.41341
3.89676, 0.82200, 0.82200, 0.34669, 0.34669, 0.42176, 0.42176
