0.43613, 0.98433, 0.98433, 0.06807, 0.06807, 0.06915, 0.06915
0.44263, 0.98883, 0.98883, 0.06741, 0.06741, 0.06817, 0.06817
0.44914, 0.98271, 0.98271, 0.06786, 0.06786, 0.06906, 0.06906
0.45564, 0.98286, 0.98286, 0.06947, 0.06947, 0.07068, 0.07068
0.46215, 0.98532, 0.98532, 0.07020, 0.07020, 0.07125, 0.07125
0.46865, 0.98414, 0.98414, 0.07251, 0.07251, 0.07368, 0.07368
0.47516, 0.98195, 0.98195, 0.07610, 0.07610, 0.07750, 0.07750
0.48167, 0.98195, 0.98195, 0.07636, 0.07636, 0.07776, 0.07776
0.48817, 0.98244, 0.98244, 0.07927, 0.07927, 0.08069, 0.08069
0.49468, 0.98335, 0.98335, 0.08593, 0.08593, 0.08739, 0.08739
0.50119, 0.98625, 0.98625, 0.08662, 0.08662, 0.08783, 0.08783
0.50770, 0.98667, 0.98667, 0.09376, 0.09376, 0.09502, 0.09502
0.51421, 0.98999, 0.98999, 0.09164, 0.09164, 0.09257, 0.09257
0.52072, 0.98831, 0.98831, 0.09895, 0.09895, 0.10012, 0.10012
0.52723, 0.99158, 0.99158, 0.10607, 0.10607, 0.10697, 0.10697
0.53374, 0.99233, 0.99233, 0.10990, 0.10990, 0.11075, 0.11075
0.54025, 0.99332, 0.99332, 0.11104, 0.11104, 0.11179, 0.11179
0.54676, 0.99597, 0.99597, 0.11663, 0.11663, 0.11710, 0.11710
0.55327, 0.99776, 0.99776, 0.12167, 0.12167, 0.12194, 0.12194
0.55978, 0.99493, 0.99493, 0.12861, 0.12861, 0.12927, 0.12927
0.56629, 0.99830, 0.99830, 0.13548, 0.13548, 0.13571, 0.13571
0.57281, 0.99946, 0.99946, 0.14351, 0.14351, 0.14359, 0.14359
0.57932, 1.00133, 1.00133, 0.15015, 0.15015, 0.14995, 0.14995
0.58583, 1.00134, 1.00134, 0.15300, 0.15300, 0.15279, 0.15279
0.59235, 1.00122, 1.00122, 0.15722, 0.15722, 0.15702, 0.15702
0.59886, 1.00166, 1.00166, 0.16035, 0.16035, 0.16009, 0.16009
0.60538, 1.00186, 1.00186, 0.16072, 0.16072, 0.16042, 0.16042
0.61189, 1.00174, 1.00174, 0.16355, 0.16355, 0.16327, 0.16327
0.61841, 1.00357, 1.00357, 0.16810, 0.16810, 0.16750, 0.16750
0.62492, 1.00170, 1.00170, 0.17029, 0.17029, 0.17000, 0.17000
0.63144, 1.00105, 1.00105, 0.17444, 0.17444, 0.17426, 0.17426
0.70968, 1.01229, 1.01229, 0.18548, 0.18548, 0.18323, 0.18323
0.71620, 1.01397, 1.01397, 0.18780, 0.18780, 0.18522, 0.18522
0.72272, 1.00974, 1.00974, 0.18669, 0.18669, 0.18489, 0.18489
0.72925, 1.01264, 1.01225, 0.18666, 0.18414, 0.18433, 0.18191
0.73577, 1.00849, 1.00808, 0.18515, 0.18254, 0.18359, 0.18108
0.74230, 1.00884, 1.00841, 0.18313, 0.18045, 0.18153, 0.17894
0.74882, 1.00301, 1.00257, 0.18624, 0.18340, 0.18568, 0.18293
0.75535, 0.99807, 0.99761, 0.18599, 0.18304, 0.18635, 0.18348
0.76187, 0.99374, 0.99327, 0.18425, 0.18122, 0.18541, 0.18244
0.76840, 0.99083, 0.99034, 0.18186, 0.17875, 0.18355, 0.18049
0.77492, 0.98533, 0.98482, 0.17981, 0.17661, 0.18249, 0.17933
0.78145, 0.98043, 0.97991, 0.17767, 0.17439, 0.18122, 0.17797
0.78798, 0.97591, 0.97537, 0.17725, 0.17385, 0.18162, 0.17824
0.79451, 0.97099, 0.97043, 0.17337, 0.16992, 0.17855, 0.17510
0.80104, 0.96916, 0.96859, 0.17479, 0.17119, 0.18035, 0.17674
0.80756, 0.96518, 0.96459, 0.17548, 0.17172, 0.18181, 0.17803
0.81409, 0.96176, 0.96115, 0.17563, 0.17174, 0.18262, 0.17868
0.82062, 0.95802, 0.95738, 0.17109, 0.16716, 0.17859, 0.17460
0.82715, 0.95641, 0.95575, 0.17172, 0.16763, 0.17954, 0.17539
0.83368, 0.95342, 0.95274, 0.16876, 0.16461, 0.17701, 0.17277
0.84022, 0.95144, 0.95074, 0.16970, 0.16538, 0.17836, 0.17394
0.84675, 0.95268, 0.95196, 0.16527, 0.16091, 0.17348, 0.16903
0.85328, 0.95035, 0.94961, 0.16268, 0.15824, 0.17118, 0.16664
0.85981, 0.94864, 0.94787, 0.17151, 0.16668, 0.18080, 0.17584
0.86634, 0.94942, 0.94862, 0.16586, 0.16103, 0.17470, 0.16975
0.87288, 0.94804, 0.94721, 0.16640, 0.16139, 0.17552, 0.17038
0.87941, 0.94629, 0.94544, 0.16151, 0.15649, 0.17068, 0.16552
0.88595, 0.94733, 0.94645, 0.16435, 0.15906, 0.17349, 0.16806
0.89248, 0.94614, 0.94523, 0.16638, 0.16086, 0.17585, 0.17018
0.89902, 0.94647, 0.94553, 0.16014, 0.15465, 0.16919, 0.16356
0.90555, 0.94713, 0.94616, 0.16018, 0.15452, 0.16912, 0.16331
0.91209, 0.94847, 0.94747, 0.15977, 0.15395, 0.16845, 0.16248
0.91862, 0.94853, 0.94750, 0.15844, 0.15248, 0.16703, 0.16093
0.92516, 0.94907, 0.94800, 0.15728, 0.15118, 0.16572, 0.15948
0.93170, 0.94866, 0.94756, 0.15855, 0.15221, 0.16713, 0.16064
0.93824, 0.94787, 0.94674, 0.15737, 0.15089, 0.16602, 0.15938
0.94477, 0.95062, 0.94945, 0.16034, 0.15355, 0.16867, 0.16172
0.95131, 0.94744, 0.94625, 0.15819, 0.15128, 0.16697, 0.15988
0.95785, 0.94911, 0.94788, 0.15618, 0.14916, 0.16455, 0.15736
0.96439, 0.94880, 0.94754, 0.15689, 0.14963, 0.16536, 0.15792
0.97093, 0.95227, 0.95096, 0.15475, 0.14738, 0.16251, 0.15498
0.97747, 0.95318, 0.95183, 0.15341, 0.14589, 0.16094, 0.15328
0.98401, 0.95412, 0.95273, 0.15157, 0.14393, 0.15886, 0.15107
0.99055, 0.95170, 0.95028, 0.15241, 0.14452, 0.16015, 0.15208
0.99710, 0.95546, 0.95399, 0.15193, 0.14384, 0.15901, 0.15078
1.00364, 0.95356, 0.95206, 0.14705, 0.13900, 0.15421, 0.14600
1.01018, 0.96569, 0.96412, 0.14633, 0.13810, 0.15153, 0.14324
1.04720, 0.97877, 0.97877, 0.14941, 0.14941, 0.15265, 0.15265
1.05375, 0.98440, 0.98440, 0.15006, 0.15006, 0.15243, 0.15243
1.06030, 0.98887, 0.98887, 0.15195, 0.15195, 0.15366, 0.15366
1.06685, 0.99216, 0.99216, 0.15132, 0.15132, 0.15252, 0.15252
1.07341, 0.99529, 0.99529, 0.15077, 0.15077, 0.15148, 0.15148
1.07996, 0.99883, 0.99883, 0.15019, 0.15019, 0.15037, 0.15037
1.08651, 1.00022, 1.00022, 0.15077, 0.15077, 0.15074, 0.15074
1.09307, 1.00536, 1.00536, 0.15176, 0.15176, 0.15095, 0.15095
1.09962, 1.00954, 1.00954, 0.15386, 0.15386, 0.15241, 0.15241
1.10617, 1.01214, 1.01214, 0.15412, 0.15412, 0.15227, 0.15227
1.11273, 1.01543, 1.01543, 0.15394, 0.15394, 0.15160, 0.15160
1.11928, 1.01795, 1.01795, 0.15429, 0.15429, 0.15157, 0.15157
1.12584, 1.02047, 1.02047, 0.15472, 0.15472, 0.15161, 0.15161
1.13239, 1.02307, 1.02307, 0.15461, 0.15461, 0.15113, 0.15113
1.13895, 1.02293, 1.02293, 0.15490, 0.15490, 0.15143, 0.15143
1.14551, 1.02702, 1.02702, 0.15544, 0.15544, 0.15135, 0.15135
1.15206, 1.02829, 1.02829, 0.15560, 0.15560, 0.15132, 0.15132
1.15862, 1.02885, 1.02885, 0.15537, 0.15537, 0.15101, 0.15101
1.16518, 1.02915, 1.02915, 0.15552, 0.15552, 0.15112, 0.15112
1.17173, 1.03440, 1.03440, 0.15560, 0.15560, 0.15043, 0.15043
1.17829, 1.03503, 1.03503, 0.15492, 0.15492, 0.14967, 0.14967
1.18485, 1.03496, 1.03496, 0.15548, 0.15548, 0.15023, 0.15023
1.19141, 1.03817, 1.03817, 0.15669, 0.15669, 0.15093, 0.15093
1.19797, 1.03956, 1.03956, 0.15467, 0.15467, 0.14879, 0.14879
1.20453, 1.04002, 1.04002, 0.15426, 0.15426, 0.14832, 0.14832
1.21109, 1.04311, 1.04311, 0.15463, 0.15463, 0.14823, 0.14823
1.21765, 1.04316, 1.04316, 0.15393, 0.15393, 0.14756, 0.14756
1.22421, 1.04678, 1.04678, 0.15406, 0.15406, 0.14717, 0.14717
1.23077, 1.04674, 1.04674, 0.15473, 0.15473, 0.14782, 0.14782
1.23733, 1.04785, 1.04785, 0.15536, 0.15536, 0.14827, 0.14827
1.24389, 1.04823, 1.04823, 0.15606, 0.15606, 0.14888, 0.14888
1.25045, 1.05378, 1.05378, 0.15692, 0.15692, 0.14891, 0.14891
1.25701, 1.05380, 1.05380, 0.15605, 0.15605, 0.14808, 0.14808
1.26357, 1.05548, 1.05548, 0.15718, 0.15718, 0.14892, 0.14892
1.27014, 1.05890, 1.05890, 0.15858, 0.15858, 0.14976, 0.14976
1.27670, 1.05905, 1.05905, 0.15762, 0.15762, 0.14883, 0.14883
1.28326, 1.05863, 1.05863, 0.15792, 0.15792, 0.14918, 0.14918
1.28983, 1.06344, 1.06344, 0.15853, 0.15853, 0.14907, 0.14907
1.29639, 1.06240, 1.06240, 0.15842, 0.15842, 0.14912, 0.14912
1.30295, 1.06349, 1.06349, 0.15891, 0.15891, 0.14942, 0.14942
1.30952, 1.06375, 1.06375, 0.15767, 0.15767, 0.14822, 0.14822
1.31608, 1.06630, 1.06630, 0.15718, 0.15718, 0.14741, 0.14741
1.32265, 1.06500, 1.06500, 0.15884, 0.15884, 0.14915, 0.14915
1.32921, 1.06186, 1.06186, 0.15889, 0.15889, 0.14963, 0.14963
1.33578, 1.06679, 1.06679, 0.15933, 0.15933, 0.14935, 0.14935
1.34234, 1.06675, 1.06675, 0.15947, 0.15947, 0.14949, 0.14949
1.34891, 1.06467, 1.06467, 0.15902, 0.15902, 0.14936, 0.14936
1.35548, 1.06509, 1.06509, 0.15935, 0.15935, 0.14962, 0.14962
1.36205, 1.06149, 1.06149, 0.15923, 0.15923, 0.15001, 0.15001
1.36861, 1.06168, 1.06168, 0.15795, 0.15795, 0.14878, 0.14878
1.37518, 1.05898, 1.05898, 0.15762, 0.15762, 0.14884, 0.14884
1.38175, 1.06260, 1.06260, 0.15759, 0.15759, 0.14831, 0.14831
1.38832, 1.05526, 1.05526, 0.15672, 0.15672, 0.14851, 0.14851
1.39489, 1.05279, 1.05279, 0.15696, 0.15696, 0.14909, 0.14909
1.40145, 1.05350, 1.05350, 0.15635, 0.15635, 0.14841, 0.14841
1.40802, 1.04859, 1.04859, 0.15555, 0.15555, 0.14834, 0.14834
1.41459, 1.04522, 1.04522, 0.15600, 0.15600, 0.14925, 0.14925
1.42116, 1.04588, 1.04588, 0.15719, 0.15719, 0.15029, 0.15029
1.42773, 1.03969, 1.03969, 0.15545, 0.15545, 0.14952, 0.14952
1.43431, 1.03502, 1.03502, 0.15317, 0.15317, 0.14799, 0.14799
1.44088, 1.02989, 1.02989, 0.15105, 0.15105, 0.14666, 0.14666
1.44745, 1.03319, 1.03319, 0.15355, 0.15355, 0.14862, 0.14862
1.45402, 1.03096, 1.03096, 0.15429, 0.15429, 0.14965, 0.14965
1.46059, 1.03026, 1.03026, 0.15422, 0.15422, 0.14969, 0.14969
1.46716, 1.02490, 1.02490, 0.15308, 0.15308, 0.14936, 0.14936
1.47374, 1.01785, 1.01785, 0.15200, 0.15200, 0.14934, 0.14934
1.48031, 1.01919, 1.01919, 0.15181, 0.15181, 0.14895, 0.14895
1.48688, 1.01507, 1.01507, 0.15032, 0.15032, 0.14809, 0.14809
1.49346, 1.01278, 1.01278, 0.15145, 0.15145, 0.14954, 0.14954
1.50003, 1.01073, 1.01073, 0.14955, 0.14955, 0.14797, 0.14797
1.50661, 1.00763, 1.00763, 0.14995, 0.14995, 0.14882, 0.14882
1.51318, 1.00468, 1.00468, 0.14968, 0.14968, 0.14899, 0.14899
1.51976, 1.00190, 1.00190, 0.14914, 0.14914, 0.14885, 0.14885
1.52633, 0.99907, 0.99907, 0.14900, 0.14900, 0.14914, 0.14914
1.53291, 0.99948, 0.99948, 0.14796, 0.14796, 0.14804, 0.14804
1.53948, 0.99576, 0.99576, 0.14734, 0.14734, 0.14797, 0.14797
1.54606, 0.99310, 0.99310, 0.14828, 0.14828, 0.14931, 0.14931
1.55264, 0.99115, 0.99115, 0.14779, 0.14779, 0.14911, 0.14911
1.55921, 0.98818, 0.98818, 0.14676, 0.14676, 0.14852, 0.14852
1.56579, 0.98628, 0.98628, 0.14578, 0.14578, 0.14780, 0.14780
1.57237, 0.98358, 0.98358, 0.14329, 0.14329, 0.14569, 0.14569
1.57895, 0.98039, 0.98039, 0.14431, 0.14431, 0.14719, 0.14719
1.58552, 0.98054, 0.98054, 0.14455, 0.14455, 0.14742, 0.14742
1.59210, 0.97497, 0.97497, 0.14311, 0.14311, 0.14678, 0.14678
1.59868, 0.97645, 0.97645, 0.14237, 0.14237, 0.14580, 0.14580
1.60526, 0.97287, 0.97287, 0.14117, 0.14117, 0.14510, 0.14510
1.61184, 0.97104, 0.97104, 0.14129, 0.14129, 0.14550, 0.14550
1.61842, 0.97047, 0.97047, 0.14134, 0.14134, 0.14565, 0.14565
1.62500, 0.96765, 0.96765, 0.14192, 0.14192, 0.14667, 0.14667
1.63158, 0.96973, 0.96973, 0.14215, 0.14215, 0.14659, 0.14659
1.63816, 0.96777, 0.96777, 0.14118, 0.14118, 0.14588, 0.14588
1.64474, 0.96544, 0.96544, 0.14087, 0.14087, 0.14591, 0.14591
1.67107, 0.96243, 0.96243, 0.14072, 0.14072, 0.14621, 0.14621
1.67766, 0.95983, 0.95983, 0.14003, 0.14003, 0.14589, 0.14589
1.68424, 0.95833, 0.95833, 0.13936, 0.13936, 0.14542, 0.14542
1.69082, 0.95924, 0.95924, 0.13920, 0.13920, 0.14512, 0.14512
1.69741, 0.95521, 0.95521, 0.13863, 0.13863, 0.14513, 0.14513
1.70399, 0.95361, 0.95361, 0.13875, 0.13875, 0.14550, 0.14550
1.71058, 0.95461, 0.95461, 0.13827, 0.13827, 0.14484, 0.14484
1.71716, 0.95463, 0.95463, 0.13781, 0.13781, 0.14435, 0.14435
1.72375, 0.95190, 0.95190, 0.13741, 0.13741, 0.14435, 0.14435
1.73033, 0.95056, 0.95056, 0.13696, 0.13696, 0.14408, 0.14408
1.73692, 0.94957, 0.94957, 0.13660, 0.13660, 0.14385, 0.14385
1.74351, 0.94957, 0.94957, 0.13654, 0.13654, 0.14379, 0.14379
1.75009, 0.94894, 0.94894, 0.13612, 0.13612, 0.14345, 0.14345
1.75668, 0.94708, 0.94708, 0.13592, 0.13592, 0.14351, 0.14351
1.76327, 0.94642, 0.94642, 0.13539, 0.13539, 0.14305, 0.14305
1.76985, 0.94540, 0.94540, 0.13507, 0.13507, 0.14287, 0.14287
1.77644, 0.94452, 0.94452, 0.13476, 0.13476, 0.14268, 0.14268
1.78303, 0.94540, 0.94540, 0.13457, 0.13457, 0.14234, 0.14234
1.78962, 0.94424, 0.94424, 0.13437, 0.13437, 0.14231, 0.14231
1.79621, 0.94489, 0.94489, 0.13424, 0.13424, 0.14207, 0.14207
1.80280, 0.94223, 0.94223, 0.13362, 0.13362, 0.14181, 0.14181
1.80939, 0.94133, 0.94133, 0.13330, 0.13330, 0.14161, 0.14161
1.81598, 0.94029, 0.94029, 0.13307, 0.13307, 0.14152, 0.14152
1.82257, 0.94536, 0.94536, 0.13334, 0.13334, 0.14105, 0.14105
1.82916, 0.94247, 0.94247, 0.13314, 0.13314, 0.14126, 0.14126
1.83575, 0.94047, 0.94047, 0.13239, 0.13239, 0.14077, 0.14077
1.84234, 0.94065, 0.94065, 0.13223, 0.13223, 0.14057, 0.14057
1.84893, 0.93905, 0.93905, 0.13216, 0.13216, 0.14073, 0.14073
1.85552, 0.93800, 0.93800, 0.13173, 0.13173, 0.14044, 0.14044
1.86212, 0.93824, 0.93824, 0.13142, 0.13142, 0.14008, 0.14008
1.86871, 0.93758, 0.93758, 0.13112, 0.13112, 0.13985, 0.13985
1.87530, 0.93843, 0.93843, 0.13070, 0.13070, 0.13927, 0.13927
1.88190, 0.93755, 0.93755, 0.13034, 0.13034, 0.13902, 0.13902
1.88849, 0.93842, 0.93842, 0.13039, 0.13039, 0.13894, 0.13894
1.89508, 0.93724, 0.93724, 0.13016, 0.13016, 0.13887, 0.13887
1.90168, 0.93852, 0.93852, 0.12996, 0.12996, 0.13847, 0.13847
1.90827, 0.93744, 0.93744, 0.12940, 0.12940, 0.13804, 0.13804
1.91487, 0.93793, 0.93793, 0.12959, 0.12959, 0.13817, 0.13817
1.92146, 0.93758, 0.93758, 0.12947, 0.12947, 0.13809, 0.13809
1.92806, 0.93620, 0.93620, 0.12946, 0.12946, 0.13828, 0.13828
1.93465, 0.93761, 0.93761, 0.12965, 0.12965, 0.13828, 0.13828
1.94125, 0.93543, 0.93543, 0.12952, 0.12952, 0.13846, 0.13846
1.94785, 0.93474, 0.93474, 0.12930, 0.12930, 0.13833, 0.13833
1.95444, 0.93309, 0.93309, 0.12766, 0.12766, 0.13681, 0.13681
1.96104, 0.93376, 0.93376, 0.12702, 0.12702, 0.13604, 0.13604
1.96764, 0.93407, 0.93407, 0.12729, 0.12729, 0.13628, 0.13628
1.97424, 0.93464, 0.93464, 0.12740, 0.12740, 0.13631, 0.13631
1.98084, 0.93460, 0.93460, 0.12726, 0.12726, 0.13617, 0.13617
1.98743, 0.93491, 0.93491, 0.12716, 0.12716, 0.13601, 0.13601
1.99403, 0.93275, 0.93275, 0.12714, 0.12714, 0.13631, 0.13631
2.00063, 0.93251, 0.93251, 0.12735, 0.12735, 0.13657, 0.13657
2.00723, 0.93452, 0.93452, 0.12715, 0.12715, 0.13606, 0.13606
2.01383, 0.93219, 0.93219, 0.12721, 0.12721, 0.13646, 0.13646
2.02043, 0.93349, 0.93349, 0.12758, 0.12758, 0.13667, 0.13667
2.02703, 0.93406, 0.93406, 0.12698, 0.12698, 0.13594, 0.13594
2.03363, 0.93519, 0.93519, 0.12685, 0.12685, 0.13564, 0.13564
2.04024, 0.93455, 0.93455, 0.12590, 0.12590, 0.13472, 0.13472
2.04684, 0.93577, 0.93577, 0.12559, 0.12559, 0.13421, 0.13421
2.05344, 0.93729, 0.93729, 0.12480, 0.12480, 0.13315, 0.13315
2.06004, 0.93527, 0.93527, 0.12451, 0.12451, 0.13313, 0.13313
2.06664, 0.93781, 0.93781, 0.12499, 0.12499, 0.13328, 0.13328
2.07325, 0.93544, 0.93544, 0.12554, 0.12554, 0.13420, 0.13420
2.07985, 0.93713, 0.93713, 0.12575, 0.12575, 0.13419, 0.13419
2.08645, 0.93796, 0.93796, 0.12580, 0.12580, 0.13412, 0.13412
2.09306, 0.93861, 0.93861, 0.12594, 0.12594, 0.13417, 0.13417
2.09966, 0.93922, 0.93922, 0.12599, 0.12599, 0.13415, 0.13415
2.10627, 0.94209, 0.94209, 0.12596, 0.12596, 0.13370, 0.13370
2.11287, 0.94227, 0.94227, 0.12561, 0.12561, 0.13330, 0.13330
2.11948, 0.94383, 0.94383, 0.12583, 0.12583, 0.13332, 0.13332
2.12608, 0.94406, 0.94406, 0.12591, 0.12591, 0.13338, 0.13338
2.13269, 0.94642, 0.94642, 0.12574, 0.12574, 0.13286, 0.13286
2.13930, 0.94442, 0.94442, 0.12567, 0.12567, 0.13306, 0.13306
2.14590, 0.94627, 0.94627, 0.12557, 0.12557, 0.13269, 0.13269
2.15251, 0.94768, 0.94768, 0.12527, 0.12527, 0.13218, 0.13218
2.15912, 0.95006, 0.95006, 0.12554, 0.12554, 0.13214, 0.13214
2.16572, 0.95041, 0.95041, 0.12552, 0.12552, 0.13207, 0.13207
2.17233, 0.95248, 0.95248, 0.12578, 0.12578, 0.13205, 0.13205
2.17894, 0.95427, 0.95427, 0.12597, 0.12597, 0.13201, 0.13201
2.18555, 0.95485, 0.95485, 0.12598, 0.12598, 0.13193, 0.13193
2.19216, 0.95670, 0.95670, 0.12609, 0.12609, 0.13179, 0.13179
2.19877, 0.95788, 0.95788, 0.12618, 0.12618, 0.13172, 0.13172
2.20538, 0.95926, 0.95926, 0.12610, 0.12610, 0.13146, 0.13146
2.21199, 0.96117, 0.96117, 0.12624, 0.12624, 0.13133, 0.13133
2.21860, 0.96141, 0.96141, 0.12624, 0.12624, 0.13130, 0.13130
2.22521, 0.96432, 0.96432, 0.12646, 0.12646, 0.13113, 0.13113
2.23182, 0.96543, 0.96543, 0.12628, 0.12628, 0.13080, 0.13080
2.23843, 0.96765, 0.96765, 0.12625, 0.12625, 0.13047, 0.13047
2.24504, 0.96892, 0.96892, 0.12653, 0.12653, 0.13059, 0.13059
2.25165, 0.97248, 0.97248, 0.12654, 0.12654, 0.13012, 0.13012
2.25827, 0.97385, 0.97385, 0.12666, 0.12666, 0.13006, 0.13006
2.26488, 0.97562, 0.97562, 0.12626, 0.12626, 0.12941, 0.12941
2.27149, 0.97557, 0.97557, 0.12642, 0.12642, 0.12958, 0.12958
2.27810, 0.97677, 0.97677, 0.12631, 0.12631, 0.12931, 0.12931
2.28472, 0.97689, 0.97689, 0.12610, 0.12610, 0.12908, 0.12908
2.29133, 0.97742, 0.97742, 0.12601, 0.12601, 0.12892, 0.12892
2.29795, 0.97931, 0.97931, 0.12603, 0.12603, 0.12869, 0.12869
2.30456, 0.97999, 0.97999, 0.12596, 0.12596, 0.12854, 0.12854
2.31118, 0.98096, 0.98096, 0.12596, 0.12596, 0.12840, 0.12840
2.31779, 0.98477, 0.98477, 0.12587, 0.12587, 0.12782, 0.12782
2.32441, 0.98804, 0.98804, 0.12637, 0.12637, 0.12790, 0.12790
2.33102, 0.99147, 0.99147, 0.12665, 0.12665, 0.12774, 0.12774
2.33764, 0.99408, 0.99408, 0.12727, 0.12727, 0.12803, 0.12803
2.34426, 0.99497, 0.99497, 0.12714, 0.12714, 0.12778, 0.12778
2.35087, 1.00082, 1.00082, 0.12794, 0.12794, 0.12784, 0.12784
2.35749, 1.00002, 1.00002, 0.12769, 0.12769, 0.12768, 0.12768
2.36411, 1.00252, 1.00252, 0.12799, 0.12799, 0.12767, 0.12767
2.37072, 1.00517, 1.00517, 0.12848, 0.12848, 0.12781, 0.12781
2.37734, 1.00699, 1.00699, 0.12816, 0.12816, 0.12727, 0.12727
2.38396, 1.00579, 1.00579, 0.12801, 0.12801, 0.12727, 0.12727
2.39058, 1.00822, 1.00822, 0.12811, 0.12811, 0.12706, 0.12706
2.39720, 1.01238, 1.01238, 0.12887, 0.12887, 0.12730, 0.12730
2.40382, 1.01427, 1.01427, 0.12908, 0.12908, 0.12727, 0.12727
2.41044, 1.01455, 1.01455, 0.12979, 0.12979, 0.12793, 0.12793
2.41706, 1.02226, 1.02226, 0.13055, 0.13055, 0.12771, 0.12771
2.42368, 1.02365, 1.02365, 0.13041, 0.13041, 0.12740, 0.12740
2.43030, 1.02461, 1.02461, 0.13086, 0.13086, 0.12772, 0.12772
2.43692, 1.02924, 1.02924, 0.13098, 0.13098, 0.12726, 0.12726
2.44354, 1.03076, 1.03076, 0.13137, 0.13137, 0.12745, 0.12745
2.45017, 1.02922, 1.02922, 0.13162, 0.13162, 0.12788, 0.12788
2.45679, 1.03454, 1.03454, 0.13184, 0.13184, 0.12744, 0.12744
2.46341, 1.03823, 1.03823, 0.13215, 0.13215, 0.12728, 0.12728
2.47003, 1.04017, 1.04017, 0.13197, 0.13197, 0.12687, 0.12687
2.47666, 1.04324, 1.04324, 0.13191, 0.13191, 0.12644, 0.12644
2.48328, 1.04039, 1.04039, 0.13124, 0.13124, 0.12614, 0.12614
2.48990, 1.04485, 1.04485, 0.13209, 0.13209, 0.12642, 0.12642
2.49653, 1.04736, 1.04736, 0.13273, 0.13273, 0.12672, 0.12672
2.50312, 1.04649, 1.04649, 0.13251, 0.13251, 0.12662, 0.12662
2.50972, 1.05126, 1.05126, 0.13301, 0.13301, 0.12652, 0.12652
2.51632, 1.05217, 1.05217, 0.13257, 0.13257, 0.12600, 0.12600
2.52292, 1.05229, 1.05229, 0.13205, 0.13205, 0.12549, 0.12549
2.52951, 1.05496, 1.05496, 0.13212, 0.13212, 0.12524, 0.12524
2.53611, 1.05803, 1.05803, 0.13203, 0.13203, 0.12479, 0.12479
2.54271, 1.05881, 1.05881, 0.13183, 0.13183, 0.12451, 0.12451
2.54931, 1.06012, 1.06012, 0.13162, 0.13162, 0.12415, 0.12415
2.55591, 1.06283, 1.06283, 0.13135, 0.13135, 0.12359, 0.12359
2.56251, 1.06642, 1.06642, 0.13158, 0.13158, 0.12338, 0.12338
2.56911, 1.06507, 1.06507, 0.13088, 0.13088, 0.12289, 0.12289
2.57571, 1.06530, 1.06530, 0.13078, 0.13078, 0.12276, 0.12276
2.58231, 1.06648, 1.06648, 0.13039, 0.13039, 0.12226, 0.12226
2.58891, 1.06616, 1.06616, 0.12988, 0.12988, 0.12182, 0.12182
2.59551, 1.06617, 1.06617, 0.12929, 0.12929, 0.12127, 0.12127
2.60212, 1.06950, 1.06950, 0.12923, 0.12923, 0.12083, 0.12083
2.60872, 1.06855, 1.06855, 0.12924, 0.12924, 0.12094, 0.12094
2.61532, 1.06688, 1.06688, 0.12879, 0.12879, 0.12072, 0.12072
2.62192, 1.06958, 1.06958, 0.12929, 0.12929, 0.12088, 0.12088
2.62853, 1.06742, 1.06742, 0.12861, 0.12861, 0.12048, 0.12048
2.63513, 1.06665, 1.06665, 0.12773, 0.12773, 0.11975, 0.11975
2.64174, 1.07116, 1.07116, 0.12646, 0.12646, 0.11806, 0.11806
2.64834, 1.06339, 1.06339, 0.12317, 0.12317, 0.11583, 0.11583
2.65495, 1.05780, 1.05780, 0.12148, 0.12148, 0.11484, 0.11484
2.84004, 0.90011, 0.90011, 0.04910, 0.04910, 0.05454, 0.05454
2.84666, 0.90307, 0.90307, 0.04832, 0.04832, 0.05351, 0.05351
2.85328, 0.90936, 0.90936, 0.04841, 0.04841, 0.05324, 0.05324
2.85989, 0.91563, 0.91563, 0.04884, 0.04884, 0.05334, 0.05334
2.86651, 0.91640, 0.91640, 0.04878, 0.04878, 0.05323, 0.05323
2.87313, 0.92230, 0.92230, 0.04866, 0.04866, 0.05276, 0.05276
2.87975, 0.92814, 0.92814, 0.04907, 0.04907, 0.05287, 0.05287
2.88636, 0.93182, 0.93182, 0.04924, 0.04924, 0.05285, 0.05285
2.89298, 0.93047, 0.93047, 0.04923, 0.04923, 0.05291, 0.05291
2.89960, 0.92736, 0.92736, 0.04907, 0.04907, 0.05291, 0.05291
2.90622, 0.92660, 0.92660, 0.04903, 0.04903, 0.05292, 0.05292
2.91284, 0.92763, 0.92763, 0.04910, 0.04910, 0.05294, 0.05294
2.91946, 0.92764, 0.92764, 0.04922, 0.04922, 0.05306, 0.05306
2.92608, 0.92978, 0.92978, 0.04906, 0.04906, 0.05277, 0.05277
2.93270, 0.92885, 0.92885, 0.04911, 0.04911, 0.05287, 0.05287
2.93932, 0.92818, 0.92818, 0.04902, 0.04902, 0.05281, 0.05281
2.94595, 0.93035, 0.93035, 0.04939, 0.04939, 0.05308, 0.05308
2.95257, 0.93281, 0.93281, 0.04982, 0.04982, 0.05340, 0.05340
2.95919, 0.93224, 0.93224, 0.05010, 0.05010, 0.05374, 0.05374
2.96581, 0.93169, 0.93169, 0.05019, 0.05019, 0.05387, 0.05387
2.97244, 0.92955, 0.92955, 0.05021, 0.05021, 0.05402, 0.05402
2.97906, 0.92897, 0.92897, 0.05023, 0.05023, 0.05407, 0.05407
2.98568, 0.92967, 0.92967, 0.05027, 0.05027, 0.05408, 0.05408
2.99231, 0.92848, 0.92848, 0.05041, 0.05041, 0.05429, 0.05429
2.99893, 0.92423, 0.92423, 0.05063, 0.05063, 0.05478, 0.05478
3.00556, 0.92143, 0.92143, 0.05095, 0.05095, 0.05530, 0.05530
3.01218, 0.91956, 0.91956, 0.05119, 0.05119, 0.05567, 0.05567
3.01881, 0.91922, 0.91922, 0.05143, 0.05143, 0.05595, 0.05595
3.02544, 0.91947, 0.91947, 0.05178, 0.05178, 0.05631, 0.05631
3.03206, 0.92045, 0.92045, 0.05211, 0.05211, 0.05661, 0.05661
3.03869, 0.92095, 0.92095, 0.05226, 0.05226, 0.05675, 0.05675
3.04532, 0.91934, 0.91934, 0.05206, 0.05206, 0.05662, 0.05662
3.05195, 0.91298, 0.91298, 0.05174, 0.05174, 0.05668, 0.05668
3.05857, 0.90630, 0.90630, 0.05165, 0.05165, 0.05699, 0.05699
3.06520, 0.90855, 0.90855, 0.05172, 0.05172, 0.05693, 0.05693
3.07183, 0.91186, 0.91186, 0.05150, 0.05150, 0.05648, 0.05648
3.07846, 0.91335, 0.91335, 0.05153, 0.05153, 0.05641, 0.05641
3.08509, 0.91174, 0.91174, 0.05194, 0.05194, 0.05697, 0.05697
3.09172, 0.91182, 0.91182, 0.05252, 0.05252, 0.05760, 0.05760
3.09835, 0.91026, 0.91026, 0.05285, 0.05285, 0.05806, 0.05806
3.10498, 0.91071, 0.91071, 0.05294, 0.05294, 0.05813, 0.05813
3.11161, 0.91052, 0.91052, 0.05292, 0.05292, 0.05813, 0.05813
3.11825, 0.91452, 0.91452, 0.05341, 0.05341, 0.05841, 0.05841
3.12488, 0.91514, 0.91514, 0.05376, 0.05376, 0.05874, 0.05874
3.13151, 0.91424, 0.91424, 0.05379, 0.05379, 0.05883, 0.05883
3.13814, 0.91536, 0.91536, 0.05380, 0.05380, 0.05877, 0.05877
3.14478, 0.91672, 0.91672, 0.05404, 0.05404, 0.05894, 0.05894
3.15141, 0.91764, 0.91764, 0.05459, 0.05459, 0.05949, 0.05949
3.15804, 0.91402, 0.91402, 0.05529, 0.05529, 0.06049, 0.06049
3.16468, 0.91074, 0.91074, 0.05606, 0.05606, 0.06155, 0.06155
3.17131, 0.91067, 0.91067, 0.05669, 0.05669, 0.06225, 0.06225
3.17795, 0.91143, 0.91143, 0.05739, 0.05739, 0.06297, 0.06297
3.18458, 0.91499, 0.91499, 0.05830, 0.05830, 0.06372, 0.06372
3.19122, 0.91639, 0.91639, 0.05907, 0.05907, 0.06447, 0.06447
3.19785, 0.91191, 0.91191, 0.05961, 0.05961, 0.06537, 0.06537
3.20449, 0.89879, 0.89879, 0.05993, 0.05993, 0.06668, 0.06668
3.21113, 0.88876, 0.88876, 0.06041, 0.06041, 0.06797, 0.06797
3.21776, 0.90191, 0.90191, 0.06163, 0.06163, 0.06834, 0.06834
3.22440, 0.91532, 0.91532, 0.06300, 0.06300, 0.06883, 0.06883
3.23104, 0.91417, 0.91417, 0.06383, 0.06383, 0.06983, 0.06983
3.23768, 0.90912, 0.90912, 0.06434, 0.06434, 0.07077, 0.07077
3.24432, 0.91077, 0.91077, 0.06531, 0.06531, 0.07171, 0.07171
3.25096, 0.91264, 0.91264, 0.06621, 0.06621, 0.07255, 0.07255
3.25760, 0.90913, 0.90913, 0.06663, 0.06663, 0.07329, 0.07329
3.26424, 0.90656, 0.90656, 0.06685, 0.06685, 0.07374, 0.07374
3.27088, 0.90938, 0.90938, 0.06770, 0.06770, 0.07444, 0.07444
3.27752, 0.91169, 0.91169, 0.06894, 0.06894, 0.07562, 0.07562
3.28416, 0.90928, 0.90928, 0.07053, 0.07053, 0.07757, 0.07757
3.29080, 0.90371, 0.90371, 0.07184, 0.07184, 0.07949, 0.07949
3.29744, 0.89844, 0.89844, 0.07255, 0.07255, 0.08075, 0.08075
3.30408, 0.89740, 0.89740, 0.07350, 0.07350, 0.08191, 0.08191
3.31073, 0.89909, 0.89909, 0.07502, 0.07502, 0.08344, 0.08344
3.31737, 0.90173, 0.90173, 0.07648, 0.07648, 0.08481, 0.08481
3.32401, 0.90153, 0.90153, 0.07739, 0.07739, 0.08584, 0.08584
3.33066, 0.90414, 0.90414, 0.07843, 0.07843, 0.08674, 0.08674
3.33730, 0.91314, 0.91314, 0.08003, 0.08003, 0.08764, 0.08764
3.34395, 0.91857, 0.91857, 0.08114, 0.08114, 0.08833, 0.08833
3.35059, 0.91387, 0.91387, 0.08165, 0.08165, 0.08934, 0.08934
3.35724, 0.90522, 0.90522, 0.08237, 0.08237, 0.09100, 0.09100
3.36388, 0.89946, 0.89946, 0.08329, 0.08329, 0.09260, 0.09260
3.37053, 0.89950, 0.89950, 0.08425, 0.08425, 0.09366, 0.09366
3.37717, 0.90179, 0.90179, 0.08527, 0.08527, 0.09456, 0.09456
3.38382, 0.90179, 0.90179, 0.08633, 0.08633, 0.09573, 0.09573
3.39047, 0.89833, 0.89833, 0.08724, 0.08724, 0.09711, 0.09711
3.39712, 0.89440, 0.89440, 0.08813, 0.08813, 0.09853, 0.09853
3.40376, 0.89115, 0.89115, 0.08937, 0.08937, 0.10029, 0.10029
3.41041, 0.89019, 0.89019, 0.09033, 0.09033, 0.10147, 0.10147
3.41706, 0.88998, 0.88998, 0.09093, 0.09093, 0.10217, 0.10217
3.42371, 0.88901, 0.88901, 0.09179, 0.09179, 0.10325, 0.10325
3.43036, 0.88629, 0.88629, 0.09289, 0.09289, 0.10481, 0.10481
3.43701, 0.88470, 0.88470, 0.09366, 0.09366, 0.10587, 0.10587
3.44366, 0.88492, 0.88492, 0.09447, 0.09447, 0.10676, 0.10676
3.45031, 0.89000, 0.89000, 0.09548, 0.09548, 0.10729, 0.10729
3.45696, 0.88966, 0.88966, 0.09640, 0.09640, 0.10836, 0.10836
3.46361, 0.88825, 0.88825, 0.09669, 0.09669, 0.10885, 0.10885
3.47026, 0.88641, 0.88641, 0.09721, 0.09721, 0.10967, 0.10967
3.47692, 0.88457, 0.88457, 0.09866, 0.09866, 0.11154, 0.11154
3.48357, 0.88349, 0.88349, 0.10003, 0.10003, 0.11322, 0.11322
3.49022, 0.88217, 0.88217, 0.10063, 0.10063, 0.11407, 0.11407
3.49687, 0.88426, 0.88426, 0.10182, 0.10182, 0.11515, 0.11515
3.50353, 0.88324, 0.88324, 0.10346, 0.10346, 0.11714, 0.11714
3.51018, 0.87707, 0.87707, 0.10464, 0.10464, 0.11930, 0.11930
3.51684, 0.87304, 0.87304, 0.10572, 0.10572, 0.12109, 0.12109
3.52349, 0.87134, 0.87134, 0.10790, 0.10790, 0.12383, 0.12383
3.53015, 0.87081, 0.87081, 0.11057, 0.11057, 0.12698, 0.12698
3.53680, 0.87008, 0.87008, 0.11201, 0.11201, 0.12874, 0.12874
3.54346, 0.87185, 0.87185, 0.11268, 0.11268, 0.12925, 0.12925
3.55011, 0.87523, 0.87523, 0.11445, 0.11445, 0.13076, 0.13076
3.55677, 0.87590, 0.87590, 0.11715, 0.11715, 0.13374, 0.13374
3.56343, 0.87544, 0.87544, 0.11868, 0.11868, 0.13556, 0.13556
3.57008, 0.87659, 0.87659, 0.11918, 0.11918, 0.13596, 0.13596
3.57674, 0.87942, 0.87942, 0.12091, 0.12091, 0.13749, 0.13749
3.58340, 0.88225, 0.88225, 0.12318, 0.12318, 0.13962, 0.13962
3.59006, 0.88557, 0.88557, 0.12435, 0.12435, 0.14042, 0.14042
3.59672, 0.88952, 0.88952, 0.12481, 0.12481, 0.14032, 0.14032
3.60338, 0.88599, 0.88599, 0.12622, 0.12622, 0.14246, 0.14246
3.61004, 0.87589, 0.87589, 0.12775, 0.12775, 0.14585, 0.14585
3.61670, 0.87290, 0.87290, 0.12791, 0.12791, 0.14653, 0.14653
3.62336, 0.87326, 0.87326, 0.12764, 0.12764, 0.14616, 0.14616
3.63002, 0.87200, 0.87200, 0.12900, 0.12900, 0.14794, 0.14794
3.63668, 0.86664, 0.86664, 0.13133, 0.13133, 0.15154, 0.15154
3.64334, 0.86355, 0.86355, 0.13224, 0.13224, 0.15314, 0.15314
3.65000, 0.86189, 0.86189, 0.13166, 0.13166, 0.15276, 0.15276
3.65667, 0.85895, 0.85895, 0.13239, 0.13239, 0.15413, 0.15413
3.66333, 0.85575, 0.85575, 0.13454, 0.13454, 0.15722, 0.15722
3.66999, 0.85536, 0.85536, 0.13542, 0.13542, 0.15832, 0.15832
3.67665, 0.85673, 0.85673, 0.13454, 0.13454, 0.15704, 0.15704
3.68332, 0.85672, 0.85672, 0.13545, 0.13545, 0.15811, 0.15811
3.68998, 0.85290, 0.85290, 0.13850, 0.13850, 0.16239, 0.16239
3.69665, 0.85035, 0.85035, 0.14011, 0.14011, 0.16476, 0.16476
3.70331, 0.85090, 0.85090, 0.13923, 0.13923, 0.16362, 0.16362
3.70998, 0.85155, 0.85155, 0.13906, 0.13906, 0.16330, 0.16330
3.71664, 0.84976, 0.84976, 0.14115, 0.14115, 0.16611, 0.16611
3.72331, 0.84669, 0.84669, 0.14259, 0.14259, 0.16840, 0.16840
3.72998, 0.84486, 0.84486, 0.14193, 0.14193, 0.16800, 0.16800
3.73664, 0.84692, 0.84692, 0.14196, 0.14196, 0.16761, 0.16761
3.74331, 0.84486, 0.84486, 0.14358, 0.14358, 0.16995, 0.16995
3.74998, 0.84059, 0.84059, 0.14509, 0.14509, 0.17261, 0.17261
3.75665, 0.83933, 0.83933, 0.14462, 0.14462, 0.17231, 0.17231
3.76331, 0.83936, 0.83936, 0.14313, 0.14313, 0.17053, 0.17053
3.76998, 0.83829, 0.83829, 0.14398, 0.14398, 0.17176, 0.17176
3.77665, 0.83600, 0.83600, 0.14646, 0.14646, 0.17519, 0.17519
3.78332, 0.83416, 0.83416, 0.14713, 0.14713, 0.17639, 0.17639
3.78999, 0.83270, 0.83270, 0.14585, 0.14585, 0.17515, 0.17515
3.79666, 0.83118, 0.83118, 0.14546, 0.14546, 0.17500, 0.17500
3.80333, 0.82928, 0.82928, 0.14772, 0.14772, 0.17813, 0.17813
3.81000, 0.82776, 0.82776, 0.14952, 0.14952, 0.18063, 0.18063
3.81667, 0.82701, 0.82701, 0.14874, 0.14874, 0.17985, 0.17985
3.82335, 0.82513, 0.82513, 0.14685, 0.14685, 0.17797, 0.17797
3.83002, 0.82268, 0.82268, 0.14702, 0.14702, 0.17870, 0.17870
3.83669, 0.82169, 0.82169, 0.14988, 0.14988, 0.18240, 0.18240
3.84336, 0.82092, 0.82092, 0.15122, 0.15122, 0.18421, 0.18421
3.85004, 0.81955, 0.81955, 0.14990, 0.14990, 0.18291, 0.18291
3.85671, 0.82073, 0.82073, 0.14851, 0.14851, 0.18095, 0.18095
3.86339, 0.81972, 0.81972, 0.14983, 0.14983, 0.18279, 0.18279
3.87006, 0.81475, 0.81475, 0.15302, 0.15302, 0.18781, 0.18781
3.87673, 0.81017, 0.81017, 0.15386, 0.15386, 0.18992, 0.18992
3.88341, 0.81077, 0.81077, 0.15297, 0.15297, 0.18868, 0.18868
3.89008, 0.81319, 0.81319, 0.15327, 0.15327, 0.18848, 0.18848
3.89676, 0.81565, 0.81565, 0.15765, 0.15765, 0.19328, 0.19328
