0.43613, 1.84795, 1.84795, 0.16295, 0.16295, 0.08817, 0.08817
0.44263, 1.81144, 1.81144, 0.16096, 0.16096, 0.08886, 0.08886
0.44914, 1.78530, 1.78530, 0.16247, 0.16247, 0.09100, 0.09100
0.45564, 1.74765, 1.74765, 0.16612, 0.16612, 0.09505, 0.09505
0.46215, 1.72276, 1.72276, 0.16657, 0.16657, 0.09669, 0.09669
0.46865, 1.70301, 1.70301, 0.17242, 0.17242, 0.10124, 0.10124
0.47516, 1.68468, 1.68468, 0.17962, 0.17962, 0.10662, 0.10662
0.48167, 1.65859, 1.65859, 0.18129, 0.18129, 0.10930, 0.10930
0.48817, 1.64265, 1.64265, 0.18923, 0.18923, 0.11520, 0.11520
0.49468, 1.61590, 1.61590, 0.20041, 0.20041, 0.12402, 0.12402
0.50119, 1.59616, 1.59616, 0.20405, 0.20405, 0.12784, 0.12784
0.50770, 1.57322, 1.57322, 0.21566, 0.21566, 0.13708, 0.13708
0.51421, 1.55352, 1.55352, 0.21240, 0.21240, 0.13672, 0.13672
0.52072, 1.53628, 1.53628, 0.22945, 0.22945, 0.14935, 0.14935
0.52723, 1.51472, 1.51472, 0.23960, 0.23960, 0.15818, 0.15818
0.53374, 1.49484, 1.49484, 0.24979, 0.24979, 0.16710, 0.16710
0.54025, 1.46458, 1.46458, 0.25221, 0.25221, 0.17221, 0.17221
0.54676, 1.43660, 1.43660, 0.26201, 0.26201, 0.18238, 0.18238
0.55327, 1.40983, 1.40983, 0.27312, 0.27312, 0.19372, 0.19372
0.55978, 1.38303, 1.38303, 0.28925, 0.28925, 0.20914, 0.20914
0.56629, 1.37244, 1.37244, 0.30508, 0.30508, 0.22229, 0.22229
0.57281, 1.34733, 1.34733, 0.32391, 0.32391, 0.24041, 0.24041
0.57932, 1.32630, 1.32630, 0.33572, 0.33572, 0.25312, 0.25312
0.58583, 1.30953, 1.30953, 0.34485, 0.34485, 0.26334, 0.26334
0.59235, 1.29289, 1.29289, 0.35756, 0.35756, 0.27656, 0.27656
0.59886, 1.28140, 1.28140, 0.36227, 0.36227, 0.28271, 0.28271
0.60538, 1.26900, 1.26900, 0.36687, 0.36687, 0.28910, 0.28910
0.61189, 1.25892, 1.25892, 0.37789, 0.37789, 0.30017, 0.30017
0.61841, 1.25045, 1.25045, 0.38619, 0.38619, 0.30884, 0.30884
0.62492, 1.24236, 1.24236, 0.39751, 0.39751, 0.31997, 0.31997
0.63144, 1.23618, 1.23618, 0.40485, 0.40485, 0.32750, 0.32750
0.70968, 1.17443, 1.17443, 0.44070, 0.44070, 0.37524, 0.37524
0.71620, 1.16922, 1.16922, 0.44598, 0.44598, 0.38143, 0.38143
0.72272, 1.16745, 1.16745, 0.44773, 0.44773, 0.38351, 0.38351
0.72925, 1.16032, 1.16170, 0.44305, 0.44526, 0.38183, 0.38329
0.73577, 1.15725, 1.15869, 0.44025, 0.44255, 0.38043, 0.38194
0.74230, 1.15590, 1.15740, 0.43963, 0.44202, 0.38034, 0.38191
0.74882, 1.15461, 1.15617, 0.44658, 0.44911, 0.38678, 0.38845
0.75535, 1.15194, 1.15356, 0.44899, 0.45164, 0.38977, 0.39152
0.76187, 1.14998, 1.15166, 0.44918, 0.45194, 0.39060, 0.39242
0.76840, 1.14807, 1.14982, 0.44657, 0.44942, 0.38897, 0.39086
0.77492, 1.14599, 1.14781, 0.44574, 0.44869, 0.38895, 0.39091
0.78145, 1.14529, 1.14717, 0.44434, 0.44740, 0.38797, 0.39000
0.78798, 1.14401, 1.14596, 0.44586, 0.44905, 0.38974, 0.39186
0.79451, 1.14478, 1.14681, 0.44319, 0.44648, 0.38714, 0.38932
0.80104, 1.14336, 1.14547, 0.44571, 0.44915, 0.38983, 0.39211
0.80756, 1.14470, 1.14688, 0.45006, 0.45367, 0.39317, 0.39557
0.81409, 1.14478, 1.14705, 0.45058, 0.45432, 0.39359, 0.39608
0.82062, 1.14447, 1.14682, 0.44819, 0.45206, 0.39162, 0.39418
0.82715, 1.14382, 1.14626, 0.44843, 0.45244, 0.39204, 0.39470
0.83368, 1.14355, 1.14607, 0.44578, 0.44991, 0.38982, 0.39257
0.84022, 1.14264, 1.14526, 0.44788, 0.45218, 0.39197, 0.39483
0.84675, 1.14506, 1.14778, 0.44043, 0.44482, 0.38464, 0.38754
0.85328, 1.14447, 1.14728, 0.44115, 0.44570, 0.38546, 0.38848
0.85981, 1.14611, 1.14903, 0.45624, 0.46111, 0.39808, 0.40130
0.86634, 1.14456, 1.14758, 0.44864, 0.45359, 0.39197, 0.39526
0.87288, 1.14630, 1.14943, 0.44691, 0.45201, 0.38987, 0.39325
0.87941, 1.14720, 1.15044, 0.44067, 0.44588, 0.38412, 0.38757
0.88595, 1.14805, 1.15140, 0.44602, 0.45147, 0.38850, 0.39210
0.89248, 1.14781, 1.15127, 0.44831, 0.45398, 0.39058, 0.39433
0.89902, 1.14660, 1.15017, 0.43819, 0.44391, 0.38216, 0.38595
0.90555, 1.14859, 1.15229, 0.43936, 0.44529, 0.38252, 0.38644
0.91209, 1.14828, 1.15210, 0.43946, 0.44559, 0.38271, 0.38676
0.91862, 1.14794, 1.15189, 0.43640, 0.44269, 0.38016, 0.38431
0.92516, 1.14814, 1.15221, 0.43628, 0.44277, 0.37999, 0.38428
0.93170, 1.14759, 1.15179, 0.43553, 0.44221, 0.37951, 0.38394
0.93824, 1.14931, 1.15366, 0.43569, 0.44259, 0.37908, 0.38364
0.94477, 1.14742, 1.15190, 0.44159, 0.44882, 0.38486, 0.38963
0.95131, 1.14614, 1.15075, 0.44000, 0.44743, 0.38390, 0.38881
0.95785, 1.14605, 1.15081, 0.43881, 0.44645, 0.38289, 0.38795
0.96439, 1.14532, 1.15022, 0.43854, 0.44642, 0.38290, 0.38811
0.97093, 1.14402, 1.14908, 0.43276, 0.44077, 0.37828, 0.38359
0.97747, 1.14574, 1.15096, 0.43034, 0.43855, 0.37560, 0.38103
0.98401, 1.14661, 1.15199, 0.42706, 0.43546, 0.37246, 0.37801
0.99055, 1.14416, 1.14969, 0.43101, 0.43974, 0.37670, 0.38249
0.99710, 1.14221, 1.14790, 0.43016, 0.43914, 0.37660, 0.38256
1.00364, 1.14130, 1.14716, 0.42456, 0.43369, 0.37200, 0.37806
1.01018, 1.13818, 1.14419, 0.42424, 0.43364, 0.37273, 0.37899
1.04720, 1.12705, 1.12705, 0.42573, 0.42573, 0.37773, 0.37773
1.05375, 1.12502, 1.12502, 0.42814, 0.42814, 0.38056, 0.38056
1.06030, 1.12372, 1.12372, 0.42724, 0.42724, 0.38020, 0.38020
1.06685, 1.12280, 1.12280, 0.42712, 0.42712, 0.38041, 0.38041
1.07341, 1.12040, 1.12040, 0.42896, 0.42896, 0.38287, 0.38287
1.07996, 1.11900, 1.11900, 0.42615, 0.42615, 0.38083, 0.38083
1.08651, 1.11807, 1.11807, 0.42694, 0.42694, 0.38185, 0.38185
1.09307, 1.11745, 1.11745, 0.42790, 0.42790, 0.38292, 0.38292
1.09962, 1.11649, 1.11649, 0.43019, 0.43019, 0.38531, 0.38531
1.10617, 1.11589, 1.11589, 0.43107, 0.43107, 0.38630, 0.38630
1.11273, 1.11294, 1.11294, 0.42935, 0.42935, 0.38578, 0.38578
1.11928, 1.11406, 1.11406, 0.42983, 0.42983, 0.38583, 0.38583
1.12584, 1.11288, 1.11288, 0.42983, 0.42983, 0.38623, 0.38623
1.13239, 1.11292, 1.11292, 0.43006, 0.43006, 0.38643, 0.38643
1.13895, 1.11265, 1.11265, 0.42880, 0.42880, 0.38538, 0.38538
1.14551, 1.11211, 1.11211, 0.42951, 0.42951, 0.38621, 0.38621
1.15206, 1.11301, 1.11301, 0.43080, 0.43080, 0.38705, 0.38705
1.15862, 1.11185, 1.11185, 0.43070, 0.43070, 0.38737, 0.38737
1.16518, 1.11117, 1.11117, 0.43097, 0.43097, 0.38785, 0.38785
1.17173, 1.11195, 1.11195, 0.43159, 0.43159, 0.38814, 0.38814
1.17829, 1.10992, 1.10992, 0.42962, 0.42962, 0.38707, 0.38707
1.18485, 1.10656, 1.10656, 0.43160, 0.43160, 0.39003, 0.39003
1.19141, 1.10199, 1.10199, 0.43101, 0.43101, 0.39112, 0.39112
1.19797, 1.09730, 1.09730, 0.42562, 0.42562, 0.38788, 0.38788
1.20453, 1.06436, 1.06436, 0.40693, 0.40693, 0.38232, 0.38232
1.21109, 1.08474, 1.08474, 0.41763, 0.41763, 0.38501, 0.38501
1.21765, 1.09116, 1.09116, 0.42057, 0.42057, 0.38544, 0.38544
1.22421, 1.08931, 1.08931, 0.41921, 0.41921, 0.38484, 0.38484
1.23077, 1.10750, 1.10750, 0.43151, 0.43151, 0.38962, 0.38962
1.23733, 1.11044, 1.11044, 0.43338, 0.43338, 0.39028, 0.39028
1.24389, 1.11175, 1.11175, 0.43493, 0.43493, 0.39121, 0.39121
1.25045, 1.11236, 1.11236, 0.43629, 0.43629, 0.39222, 0.39222
1.25701, 1.11210, 1.11210, 0.43319, 0.43319, 0.38953, 0.38953
1.26357, 1.11162, 1.11162, 0.43360, 0.43360, 0.39006, 0.39006
1.27014, 1.11148, 1.11148, 0.43675, 0.43675, 0.39294, 0.39294
1.27670, 1.11238, 1.11238, 0.43823, 0.43823, 0.39395, 0.39395
1.28326, 1.11220, 1.11220, 0.43627, 0.43627, 0.39226, 0.39226
1.28983, 1.10871, 1.10871, 0.43702, 0.43702, 0.39417, 0.39417
1.29639, 1.10107, 1.10107, 0.43605, 0.43605, 0.39602, 0.39602
1.30295, 1.11015, 1.11015, 0.43975, 0.43975, 0.39612, 0.39612
1.30952, 1.11092, 1.11092, 0.43769, 0.43769, 0.39399, 0.39399
1.31608, 1.10218, 1.10218, 0.43380, 0.43380, 0.39358, 0.39358
1.32265, 1.10440, 1.10440, 0.43917, 0.43917, 0.39765, 0.39765
1.32921, 1.11118, 1.11118, 0.44174, 0.44174, 0.39754, 0.39754
1.33578, 1.11151, 1.11151, 0.44200, 0.44200, 0.39766, 0.39766
1.34234, 1.10981, 1.10981, 0.44267, 0.44267, 0.39887, 0.39887
1.34891, 1.11056, 1.11056, 0.44404, 0.44404, 0.39984, 0.39984
1.35548, 1.11317, 1.11317, 0.44654, 0.44654, 0.40114, 0.40114
1.36205, 1.11282, 1.11282, 0.44633, 0.44633, 0.40108, 0.40108
1.36861, 1.11374, 1.11374, 0.44498, 0.44498, 0.39954, 0.39954
1.37518, 1.11311, 1.11311, 0.44637, 0.44637, 0.40101, 0.40101
1.38175, 1.11297, 1.11297, 0.44816, 0.44816, 0.40267, 0.40267
1.38832, 1.11125, 1.11125, 0.44601, 0.44601, 0.40136, 0.40136
1.39489, 1.10573, 1.10573, 0.44537, 0.44537, 0.40278, 0.40278
1.40145, 1.09343, 1.09343, 0.44044, 0.44044, 0.40280, 0.40280
1.40802, 1.07299, 1.07299, 0.43295, 0.43295, 0.40350, 0.40350
1.41459, 1.03341, 1.03341, 0.41383, 0.41383, 0.40045, 0.40045
1.42116, 0.96419, 0.96419, 0.38240, 0.38240, 0.39660, 0.39660
1.42773, 0.93484, 0.93484, 0.36626, 0.36626, 0.39179, 0.39179
1.43431, 0.87060, 0.87060, 0.33643, 0.33643, 0.38643, 0.38643
1.44088, 0.96947, 0.96947, 0.37924, 0.37924, 0.39119, 0.39119
1.44745, 1.04947, 1.04947, 0.41912, 0.41912, 0.39936, 0.39936
1.45402, 1.07292, 1.07292, 0.43179, 0.43179, 0.40245, 0.40245
1.46059, 1.08065, 1.08065, 0.43910, 0.43910, 0.40633, 0.40633
1.46716, 1.07691, 1.07691, 0.43818, 0.43818, 0.40689, 0.40689
1.47374, 1.05379, 1.05379, 0.42319, 0.42319, 0.40159, 0.40159
1.48031, 1.05486, 1.05486, 0.42330, 0.42330, 0.40128, 0.40128
1.48688, 1.05329, 1.05329, 0.41964, 0.41964, 0.39841, 0.39841
1.49346, 1.04897, 1.04897, 0.42208, 0.42208, 0.40237, 0.40237
1.50003, 1.04402, 1.04402, 0.41953, 0.41953, 0.40184, 0.40184
1.50661, 1.04560, 1.04560, 0.41763, 0.41763, 0.39941, 0.39941
1.51318, 1.04538, 1.04538, 0.42338, 0.42338, 0.40501, 0.40501
1.51976, 1.04588, 1.04588, 0.42230, 0.42230, 0.40378, 0.40378
1.52633, 1.04476, 1.04476, 0.42130, 0.42130, 0.40325, 0.40325
1.53291, 1.04206, 1.04206, 0.42015, 0.42015, 0.40319, 0.40319
1.53948, 1.00721, 1.00721, 0.40408, 0.40408, 0.40119, 0.40119
1.54606, 1.00074, 1.00074, 0.40537, 0.40537, 0.40507, 0.40507
1.55264, 1.02026, 1.02026, 0.41649, 0.41649, 0.40822, 0.40822
1.55921, 1.02411, 1.02411, 0.41674, 0.41674, 0.40692, 0.40692
1.56579, 1.02848, 1.02848, 0.41753, 0.41753, 0.40597, 0.40597
1.57237, 0.98046, 0.98046, 0.39180, 0.39180, 0.39960, 0.39960
1.57895, 0.91303, 0.91303, 0.36276, 0.36276, 0.39732, 0.39732
1.58552, 1.00365, 1.00365, 0.40898, 0.40898, 0.40749, 0.40749
1.59210, 1.01892, 1.01892, 0.41217, 0.41217, 0.40452, 0.40452
1.59868, 1.03578, 1.03578, 0.42064, 0.42064, 0.40611, 0.40611
1.60526, 0.98216, 0.98216, 0.39540, 0.39540, 0.40258, 0.40258
1.61184, 0.95985, 0.95985, 0.38595, 0.38595, 0.40209, 0.40209
1.61842, 1.04004, 1.04004, 0.42648, 0.42648, 0.41006, 0.41006
1.62500, 1.06136, 1.06136, 0.43805, 0.43805, 0.41272, 0.41272
1.63158, 1.06752, 1.06752, 0.44468, 0.44468, 0.41656, 0.41656
1.63816, 1.06225, 1.06225, 0.43826, 0.43826, 0.41257, 0.41257
1.64474, 1.05876, 1.05876, 0.43705, 0.43705, 0.41279, 0.41279
1.67107, 1.05479, 1.05479, 0.43931, 0.43931, 0.41649, 0.41649
1.67766, 1.06736, 1.06736, 0.44669, 0.44669, 0.41850, 0.41850
1.68424, 1.07672, 1.07672, 0.45241, 0.45241, 0.42018, 0.42018
1.69082, 1.08093, 1.08093, 0.45616, 0.45616, 0.42200, 0.42200
1.69741, 1.08665, 1.08665, 0.45865, 0.45865, 0.42208, 0.42208
1.70399, 1.09139, 1.09139, 0.46280, 0.46280, 0.42405, 0.42405
1.71058, 1.09147, 1.09147, 0.46438, 0.46438, 0.42547, 0.42547
1.71716, 1.09388, 1.09388, 0.46586, 0.46586, 0.42588, 0.42588
1.72375, 1.09771, 1.09771, 0.46801, 0.46801, 0.42636, 0.42636
1.73033, 1.09904, 1.09904, 0.46903, 0.46903, 0.42676, 0.42676
1.73692, 1.09910, 1.09910, 0.46932, 0.46932, 0.42701, 0.42701
1.74351, 1.10008, 1.10008, 0.47026, 0.47026, 0.42748, 0.42748
1.75009, 1.10245, 1.10245, 0.47229, 0.47229, 0.42840, 0.42840
1.75668, 1.10086, 1.10086, 0.47240, 0.47240, 0.42912, 0.42912
1.76327, 1.10139, 1.10139, 0.47307, 0.47307, 0.42952, 0.42952
1.76985, 1.10250, 1.10250, 0.47368, 0.47368, 0.42964, 0.42964
1.77644, 1.10004, 1.10004, 0.47298, 0.47298, 0.42996, 0.42996
1.78303, 1.10195, 1.10195, 0.47463, 0.47463, 0.43072, 0.43072
1.78962, 1.10313, 1.10313, 0.47552, 0.47552, 0.43106, 0.43106
1.79621, 1.10365, 1.10365, 0.47559, 0.47559, 0.43093, 0.43093
1.80280, 1.10175, 1.10175, 0.47466, 0.47466, 0.43082, 0.43082
1.80939, 1.10132, 1.10132, 0.47437, 0.47437, 0.43073, 0.43073
1.81598, 1.10052, 1.10052, 0.47436, 0.47436, 0.43103, 0.43103
1.82257, 1.09726, 1.09726, 0.47349, 0.47349, 0.43152, 0.43152
1.82916, 1.09733, 1.09733, 0.47292, 0.47292, 0.43097, 0.43097
1.83575, 1.09228, 1.09228, 0.47051, 0.47051, 0.43076, 0.43076
1.84234, 1.08952, 1.08952, 0.46885, 0.46885, 0.43032, 0.43032
1.84893, 1.08574, 1.08574, 0.46764, 0.46764, 0.43071, 0.43071
1.85552, 1.07419, 1.07419, 0.46193, 0.46193, 0.43002, 0.43002
1.86212, 1.04693, 1.04693, 0.44701, 0.44701, 0.42697, 0.42697
1.86871, 1.01272, 1.01272, 0.42812, 0.42812, 0.42275, 0.42275
1.87530, 0.98750, 0.98750, 0.41732, 0.41732, 0.42260, 0.42260
1.88190, 1.00176, 1.00176, 0.42526, 0.42526, 0.42451, 0.42451
1.88849, 1.02964, 1.02964, 0.43956, 0.43956, 0.42691, 0.42691
1.89508, 1.05505, 1.05505, 0.45095, 0.45095, 0.42741, 0.42741
1.90168, 1.03862, 1.03862, 0.44294, 0.44294, 0.42647, 0.42647
1.90827, 1.01727, 1.01727, 0.43103, 0.43103, 0.42371, 0.42371
1.91487, 0.98005, 0.98005, 0.41081, 0.41081, 0.41917, 0.41917
1.92146, 0.90423, 0.90423, 0.37414, 0.37414, 0.41376, 0.41376
1.92806, 0.84213, 0.84213, 0.34409, 0.34409, 0.40860, 0.40860
1.93465, 0.80634, 0.80634, 0.32588, 0.32588, 0.40414, 0.40414
1.94125, 0.72975, 0.72975, 0.29042, 0.29042, 0.39797, 0.39797
1.94785, 0.67484, 0.67484, 0.26465, 0.26465, 0.39216, 0.39216
1.95444, 0.66026, 0.66026, 0.26029, 0.26029, 0.39422, 0.39422
1.96104, 0.59000, 0.59000, 0.23203, 0.23203, 0.39327, 0.39327
1.96764, 0.53837, 0.53837, 0.21137, 0.21137, 0.39262, 0.39262
1.97424, 0.56769, 0.56769, 0.22421, 0.22421, 0.39496, 0.39496
1.98084, 0.54743, 0.54743, 0.21572, 0.21572, 0.39407, 0.39407
1.98743, 0.53795, 0.53795, 0.21125, 0.21125, 0.39268, 0.39268
1.99403, 0.54518, 0.54518, 0.21197, 0.21197, 0.38882, 0.38882
2.00063, 0.56064, 0.56064, 0.21642, 0.21642, 0.38603, 0.38603
2.00723, 0.54799, 0.54799, 0.21556, 0.21556, 0.39337, 0.39337
2.01383, 0.54541, 0.54541, 0.21663, 0.21663, 0.39719, 0.39719
2.02043, 0.61843, 0.61843, 0.25028, 0.25028, 0.40470, 0.40470
2.02703, 0.67454, 0.67454, 0.27332, 0.27332, 0.40519, 0.40519
2.03363, 0.69371, 0.69371, 0.28137, 0.28137, 0.40560, 0.40560
2.04024, 0.64827, 0.64827, 0.26123, 0.26123, 0.40296, 0.40296
2.04684, 0.63013, 0.63013, 0.25237, 0.25237, 0.40050, 0.40050
2.05344, 0.68781, 0.68781, 0.27934, 0.27934, 0.40613, 0.40613
2.06004, 0.74259, 0.74259, 0.30550, 0.30550, 0.41140, 0.41140
2.06664, 0.65763, 0.65763, 0.26777, 0.26777, 0.40718, 0.40718
2.07325, 0.67152, 0.67152, 0.27508, 0.27508, 0.40964, 0.40964
2.07985, 0.79160, 0.79160, 0.33093, 0.33093, 0.41805, 0.41805
2.08645, 0.83677, 0.83677, 0.35245, 0.35245, 0.42119, 0.42119
2.09306, 0.85416, 0.85416, 0.36163, 0.36163, 0.42337, 0.42337
2.09966, 0.89645, 0.89645, 0.38035, 0.38035, 0.42428, 0.42428
2.10627, 0.91686, 0.91686, 0.39292, 0.39292, 0.42855, 0.42855
2.11287, 0.90798, 0.90798, 0.38935, 0.38935, 0.42880, 0.42880
2.11948, 0.88717, 0.88717, 0.38139, 0.38139, 0.42989, 0.42989
2.12608, 0.89156, 0.89156, 0.38440, 0.38440, 0.43116, 0.43116
2.13269, 0.93265, 0.93265, 0.40620, 0.40620, 0.43553, 0.43553
2.13930, 0.99047, 0.99047, 0.43500, 0.43500, 0.43918, 0.43918
2.14590, 1.00345, 1.00345, 0.44229, 0.44229, 0.44077, 0.44077
2.15251, 0.99318, 0.99318, 0.43768, 0.43768, 0.44068, 0.44068
2.15912, 0.99203, 0.99203, 0.43778, 0.43778, 0.44130, 0.44130
2.16572, 1.00464, 1.00464, 0.44555, 0.44555, 0.44349, 0.44349
2.17233, 1.01038, 1.01038, 0.44919, 0.44919, 0.44457, 0.44457
2.17894, 1.01174, 1.01174, 0.45083, 0.45083, 0.44560, 0.44560
2.18555, 1.02965, 1.02965, 0.46048, 0.46048, 0.44723, 0.44723
2.19216, 1.04384, 1.04384, 0.47017, 0.47017, 0.45042, 0.45042
2.19877, 1.05449, 1.05449, 0.47559, 0.47559, 0.45102, 0.45102
2.20538, 1.06095, 1.06095, 0.48028, 0.48028, 0.45269, 0.45269
2.21199, 1.06731, 1.06731, 0.48332, 0.48332, 0.45284, 0.45284
2.21860, 1.06710, 1.06710, 0.48414, 0.48414, 0.45370, 0.45370
2.22521, 1.06801, 1.06801, 0.48556, 0.48556, 0.45464, 0.45464
2.23182, 1.06585, 1.06585, 0.48481, 0.48481, 0.45486, 0.45486
2.23843, 1.06299, 1.06299, 0.48292, 0.48292, 0.45430, 0.45430
2.24504, 1.06193, 1.06193, 0.48384, 0.48384, 0.45563, 0.45563
2.25165, 1.05549, 1.05549, 0.48083, 0.48083, 0.45555, 0.45555
2.25827, 1.03950, 1.03950, 0.47187, 0.47187, 0.45393, 0.45393
2.26488, 1.02649, 1.02649, 0.46475, 0.46475, 0.45276, 0.45276
2.27149, 1.02370, 1.02370, 0.46575, 0.46575, 0.45496, 0.45496
2.27810, 1.01170, 1.01170, 0.46017, 0.46017, 0.45485, 0.45485
2.28472, 0.96961, 0.96961, 0.43887, 0.43887, 0.45262, 0.45262
2.29133, 0.96043, 0.96043, 0.43543, 0.43543, 0.45337, 0.45337
2.29795, 1.01753, 1.01753, 0.46481, 0.46481, 0.45680, 0.45680
2.30456, 1.03744, 1.03744, 0.47518, 0.47518, 0.45804, 0.45804
2.31118, 1.03769, 1.03769, 0.47512, 0.47512, 0.45786, 0.45786
2.31779, 1.03287, 1.03287, 0.47157, 0.47157, 0.45656, 0.45656
2.32441, 1.02583, 1.02583, 0.46853, 0.46853, 0.45674, 0.45674
2.33102, 1.01924, 1.01924, 0.46486, 0.46486, 0.45608, 0.45608
2.33764, 1.00102, 1.00102, 0.45565, 0.45565, 0.45519, 0.45519
2.34426, 0.97448, 0.97448, 0.44241, 0.44241, 0.45399, 0.45399
2.35087, 0.98516, 0.98516, 0.44685, 0.44685, 0.45358, 0.45358
2.35749, 1.02148, 1.02148, 0.46640, 0.46640, 0.45660, 0.45660
2.36411, 1.03298, 1.03298, 0.47170, 0.47170, 0.45664, 0.45664
2.37072, 1.03478, 1.03478, 0.47286, 0.47286, 0.45696, 0.45696
2.37734, 1.03649, 1.03649, 0.47227, 0.47227, 0.45564, 0.45564
2.38396, 1.03693, 1.03693, 0.47110, 0.47110, 0.45432, 0.45432
2.39058, 1.03387, 1.03387, 0.46904, 0.46904, 0.45367, 0.45367
2.39720, 1.03117, 1.03117, 0.46817, 0.46817, 0.45402, 0.45402
2.40382, 1.02360, 1.02360, 0.46473, 0.46473, 0.45401, 0.45401
2.41044, 1.02060, 1.02060, 0.46406, 0.46406, 0.45469, 0.45469
2.41706, 1.02014, 1.02014, 0.46403, 0.46403, 0.45487, 0.45487
2.42368, 1.01470, 1.01470, 0.46158, 0.46158, 0.45490, 0.45490
2.43030, 1.01035, 1.01035, 0.45894, 0.45894, 0.45424, 0.45424
2.43692, 1.01383, 1.01383, 0.46088, 0.46088, 0.45459, 0.45459
2.44354, 1.01785, 1.01785, 0.46372, 0.46372, 0.45559, 0.45559
2.45017, 1.02339, 1.02339, 0.46745, 0.46745, 0.45677, 0.45677
2.45679, 1.02377, 1.02377, 0.46672, 0.46672, 0.45589, 0.45589
2.46341, 1.01819, 1.01819, 0.46368, 0.46368, 0.45539, 0.45539
2.47003, 1.01154, 1.01154, 0.45953, 0.45953, 0.45429, 0.45429
2.47666, 1.00217, 1.00217, 0.45292, 0.45292, 0.45194, 0.45194
2.48328, 0.99087, 0.99087, 0.44649, 0.44649, 0.45060, 0.45060
2.48990, 0.97872, 0.97872, 0.44152, 0.44152, 0.45112, 0.45112
2.49653, 0.96311, 0.96311, 0.43481, 0.43481, 0.45146, 0.45146
2.50312, 0.94728, 0.94728, 0.42563, 0.42563, 0.44931, 0.44931
2.50972, 0.93155, 0.93155, 0.41790, 0.41790, 0.44860, 0.44860
2.51632, 0.91701, 0.91701, 0.41045, 0.41045, 0.44760, 0.44760
2.52292, 0.89910, 0.89910, 0.40097, 0.40097, 0.44597, 0.44597
2.52951, 0.86943, 0.86943, 0.38699, 0.38699, 0.44510, 0.44510
2.53611, 0.83759, 0.83759, 0.37105, 0.37105, 0.44300, 0.44300
2.54271, 0.79761, 0.79761, 0.35087, 0.35087, 0.43991, 0.43991
2.54931, 0.75438, 0.75438, 0.32962, 0.32962, 0.43694, 0.43694
2.55591, 0.71005, 0.71005, 0.30739, 0.30739, 0.43291, 0.43291
2.56251, 0.66797, 0.66797, 0.28831, 0.28831, 0.43163, 0.43163
2.56911, 0.62274, 0.62274, 0.26625, 0.26625, 0.42754, 0.42754
2.57571, 0.56985, 0.56985, 0.24214, 0.24214, 0.42492, 0.42492
2.58231, 0.51117, 0.51117, 0.21547, 0.21547, 0.42151, 0.42151
2.58891, 0.45450, 0.45450, 0.18973, 0.18973, 0.41745, 0.41745
2.59551, 0.40734, 0.40734, 0.16926, 0.16926, 0.41553, 0.41553
2.60212, 0.36949, 0.36949, 0.15290, 0.15290, 0.41380, 0.41380
2.60872, 0.34210, 0.34210, 0.14148, 0.14148, 0.41358, 0.41358
2.61532, 0.32271, 0.32271, 0.13384, 0.13384, 0.41473, 0.41473
2.62192, 0.31062, 0.31062, 0.12957, 0.12957, 0.41714, 0.41714
2.62853, 0.30549, 0.30549, 0.12675, 0.12675, 0.41492, 0.41492
2.63513, 0.30618, 0.30618, 0.12761, 0.12761, 0.41677, 0.41677
2.64174, 0.30599, 0.30599, 0.12716, 0.12716, 0.41557, 0.41557
2.64834, 0.30558, 0.30558, 0.12567, 0.12567, 0.41125, 0.41125
2.65495, 0.30365, 0.30365, 0.12188, 0.12188, 0.40137, 0.40137
2.84004, 0.79881, 0.79881, 0.06254, 0.06254, 0.07829, 0.07829
2.84666, 0.82382, 0.82382, 0.06405, 0.06405, 0.07775, 0.07775
2.85328, 0.90988, 0.90988, 0.07095, 0.07095, 0.07797, 0.07797
2.85989, 1.05938, 1.05938, 0.08169, 0.08169, 0.07711, 0.07711
2.86651, 1.25297, 1.25297, 0.09577, 0.09577, 0.07643, 0.07643
2.87313, 1.48520, 1.48520, 0.11368, 0.11368, 0.07654, 0.07654
2.87975, 1.71276, 1.71276, 0.13293, 0.13293, 0.07761, 0.07761
2.88636, 1.88947, 1.88947, 0.14975, 0.14975, 0.07925, 0.07925
2.89298, 1.94850, 1.94850, 0.15598, 0.15598, 0.08005, 0.08005
2.89960, 1.95224, 1.95224, 0.15404, 0.15404, 0.07890, 0.07890
2.90622, 2.04073, 2.04073, 0.15538, 0.15538, 0.07613, 0.07613
2.91284, 2.22778, 2.22778, 0.16406, 0.16406, 0.07364, 0.07364
2.91946, 2.42164, 2.42164, 0.17372, 0.17372, 0.07173, 0.07173
2.92608, 2.58179, 2.58179, 0.18248, 0.18248, 0.07068, 0.07068
2.93270, 2.70372, 2.70372, 0.18947, 0.18947, 0.07007, 0.07007
2.93932, 2.77058, 2.77058, 0.19297, 0.19297, 0.06965, 0.06965
2.94595, 2.77413, 2.77413, 0.19439, 0.19439, 0.07007, 0.07007
2.95257, 2.75658, 2.75658, 0.19520, 0.19520, 0.07081, 0.07081
2.95919, 2.75120, 2.75120, 0.19772, 0.19772, 0.07186, 0.07186
2.96581, 2.74850, 2.74850, 0.19966, 0.19966, 0.07264, 0.07264
2.97244, 2.74721, 2.74721, 0.20127, 0.20127, 0.07326, 0.07326
2.97906, 2.72909, 2.72909, 0.20182, 0.20182, 0.07395, 0.07395
2.98568, 2.65776, 2.65776, 0.19686, 0.19686, 0.07407, 0.07407
2.99231, 2.50568, 2.50568, 0.18685, 0.18685, 0.07457, 0.07457
2.99893, 2.30460, 2.30460, 0.17211, 0.17211, 0.07468, 0.07468
3.00556, 2.13951, 2.13951, 0.16018, 0.16018, 0.07486, 0.07486
3.01218, 2.11314, 2.11314, 0.16085, 0.16085, 0.07611, 0.07611
3.01881, 2.21337, 2.21337, 0.17110, 0.17110, 0.07730, 0.07730
3.02544, 2.31703, 2.31703, 0.18169, 0.18169, 0.07841, 0.07841
3.03206, 2.34675, 2.34675, 0.18687, 0.18687, 0.07962, 0.07962
3.03869, 2.32868, 2.32868, 0.18904, 0.18904, 0.08118, 0.08118
3.04532, 2.30848, 2.30848, 0.18975, 0.18975, 0.08219, 0.08219
3.05195, 2.27353, 2.27353, 0.18751, 0.18751, 0.08247, 0.08247
3.05857, 2.25164, 2.25164, 0.18547, 0.18547, 0.08237, 0.08237
3.06520, 2.25505, 2.25505, 0.18581, 0.18581, 0.08239, 0.08239
3.07183, 2.29904, 2.29904, 0.19041, 0.19041, 0.08282, 0.08282
3.07846, 2.35058, 2.35058, 0.19609, 0.19609, 0.08342, 0.08342
3.08509, 2.35659, 2.35659, 0.19811, 0.19811, 0.08406, 0.08406
3.09172, 2.28838, 2.28838, 0.19359, 0.19359, 0.08459, 0.08459
3.09835, 2.18127, 2.18127, 0.18764, 0.18764, 0.08602, 0.08602
3.10498, 2.09776, 2.09776, 0.18172, 0.18172, 0.08663, 0.08663
3.11161, 2.05405, 2.05405, 0.17822, 0.17822, 0.08676, 0.08676
3.11825, 2.02005, 2.02005, 0.17581, 0.17581, 0.08703, 0.08703
3.12488, 1.96587, 1.96587, 0.17157, 0.17157, 0.08727, 0.08727
3.13151, 1.89709, 1.89709, 0.16576, 0.16576, 0.08737, 0.08737
3.13814, 1.82444, 1.82444, 0.16130, 0.16130, 0.08841, 0.08841
3.14478, 1.76523, 1.76523, 0.16032, 0.16032, 0.09082, 0.09082
3.15141, 1.71701, 1.71701, 0.16064, 0.16064, 0.09355, 0.09355
3.15804, 1.67855, 1.67855, 0.16334, 0.16334, 0.09731, 0.09731
3.16468, 1.64543, 1.64543, 0.16589, 0.16589, 0.10082, 0.10082
3.17131, 1.60881, 1.60881, 0.16698, 0.16698, 0.10379, 0.10379
3.17795, 1.56715, 1.56715, 0.16709, 0.16709, 0.10662, 0.10662
3.18458, 1.53428, 1.53428, 0.16841, 0.16841, 0.10977, 0.10977
3.19122, 1.49152, 1.49152, 0.16806, 0.16806, 0.11268, 0.11268
3.19785, 1.44106, 1.44106, 0.16668, 0.16668, 0.11566, 0.11566
3.20449, 1.38074, 1.38074, 0.16401, 0.16401, 0.11878, 0.11878
3.21113, 1.31885, 1.31885, 0.15947, 0.15947, 0.12091, 0.12091
3.21776, 1.25943, 1.25943, 0.15630, 0.15630, 0.12410, 0.12410
3.22440, 1.21953, 1.21953, 0.15729, 0.15729, 0.12898, 0.12898
3.23104, 1.18882, 1.18882, 0.15868, 0.15868, 0.13348, 0.13348
3.23768, 1.16920, 1.16920, 0.15997, 0.15997, 0.13682, 0.13682
3.24432, 1.15488, 1.15488, 0.16208, 0.16208, 0.14035, 0.14035
3.25096, 1.14122, 1.14122, 0.16350, 0.16350, 0.14327, 0.14327
3.25760, 1.12254, 1.12254, 0.16383, 0.16383, 0.14594, 0.14594
3.26424, 1.09586, 1.09586, 0.16293, 0.16293, 0.14868, 0.14868
3.27088, 1.06256, 1.06256, 0.16118, 0.16118, 0.15169, 0.15169
3.27752, 1.01482, 1.01482, 0.15789, 0.15789, 0.15558, 0.15558
3.28416, 0.95267, 0.95267, 0.15276, 0.15276, 0.16035, 0.16035
3.29080, 0.88373, 0.88373, 0.14589, 0.14589, 0.16508, 0.16508
3.29744, 0.81006, 0.81006, 0.13701, 0.13701, 0.16914, 0.16914
3.30408, 0.73756, 0.73756, 0.12749, 0.12749, 0.17285, 0.17285
3.31073, 0.67297, 0.67297, 0.11970, 0.11970, 0.17787, 0.17787
3.31737, 0.62014, 0.62014, 0.11356, 0.11356, 0.18312, 0.18312
3.32401, 0.58770, 0.58770, 0.10976, 0.10976, 0.18677, 0.18677
3.33066, 0.58625, 0.58625, 0.11261, 0.11261, 0.19209, 0.19209
3.33730, 0.62517, 0.62517, 0.12390, 0.12390, 0.19819, 0.19819
3.34395, 0.70239, 0.70239, 0.14395, 0.14395, 0.20495, 0.20495
3.35059, 0.80126, 0.80126, 0.16910, 0.16910, 0.21105, 0.21105
3.35724, 0.89374, 0.89374, 0.19371, 0.19371, 0.21674, 0.21674
3.36388, 0.95511, 0.95511, 0.21202, 0.21202, 0.22199, 0.22199
3.37053, 0.98032, 0.98032, 0.22313, 0.22313, 0.22761, 0.22761
3.37717, 0.98423, 0.98423, 0.22901, 0.22901, 0.23268, 0.23268
3.38382, 0.97731, 0.97731, 0.23312, 0.23312, 0.23853, 0.23853
3.39047, 0.96496, 0.96496, 0.23466, 0.23466, 0.24318, 0.24318
3.39712, 0.95705, 0.95705, 0.23660, 0.23660, 0.24721, 0.24721
3.40376, 0.95746, 0.95746, 0.24211, 0.24211, 0.25286, 0.25286
3.41041, 0.97097, 0.97097, 0.25111, 0.25111, 0.25861, 0.25861
3.41706, 0.99075, 0.99075, 0.26011, 0.26011, 0.26254, 0.26254
3.42371, 1.00319, 1.00319, 0.26906, 0.26906, 0.26820, 0.26820
3.43036, 1.00708, 1.00708, 0.27649, 0.27649, 0.27454, 0.27454
3.43701, 1.00527, 1.00527, 0.28034, 0.28034, 0.27887, 0.27887
3.44366, 1.00230, 1.00230, 0.28276, 0.28276, 0.28211, 0.28211
3.45031, 0.99994, 0.99994, 0.28542, 0.28542, 0.28544, 0.28544
3.45696, 0.99803, 0.99803, 0.29005, 0.29005, 0.29062, 0.29062
3.46361, 0.99512, 0.99512, 0.29517, 0.29517, 0.29662, 0.29662
3.47026, 0.99556, 0.99556, 0.29963, 0.29963, 0.30096, 0.30096
3.47692, 0.99946, 0.99946, 0.30687, 0.30687, 0.30703, 0.30703
3.48357, 1.00145, 1.00145, 0.31386, 0.31386, 0.31341, 0.31341
3.49022, 1.00160, 1.00160, 0.31753, 0.31753, 0.31702, 0.31702
3.49687, 0.99833, 0.99833, 0.32043, 0.32043, 0.32096, 0.32096
3.50353, 0.99109, 0.99109, 0.32502, 0.32502, 0.32794, 0.32794
3.51018, 0.98331, 0.98331, 0.33093, 0.33093, 0.33655, 0.33655
3.51684, 0.98057, 0.98057, 0.33610, 0.33610, 0.34276, 0.34276
3.52349, 0.98328, 0.98328, 0.34464, 0.34464, 0.35050, 0.35050
3.53015, 0.99291, 0.99291, 0.35714, 0.35714, 0.35969, 0.35969
3.53680, 1.00343, 1.00343, 0.36898, 0.36898, 0.36772, 0.36772
3.54346, 1.01082, 1.01082, 0.37566, 0.37566, 0.37164, 0.37164
3.55011, 1.01639, 1.01639, 0.38398, 0.38398, 0.37778, 0.37778
3.55677, 1.01936, 1.01936, 0.39468, 0.39468, 0.38718, 0.38718
3.56343, 1.01834, 1.01834, 0.40169, 0.40169, 0.39446, 0.39446
3.57008, 1.01516, 1.01516, 0.40303, 0.40303, 0.39701, 0.39701
3.57674, 1.01096, 1.01096, 0.40505, 0.40505, 0.40066, 0.40066
3.58340, 1.00126, 1.00126, 0.40900, 0.40900, 0.40848, 0.40848
3.59006, 0.98298, 0.98298, 0.40751, 0.40751, 0.41456, 0.41456
3.59672, 0.95990, 0.95990, 0.39948, 0.39948, 0.41617, 0.41617
3.60338, 0.94007, 0.94007, 0.39388, 0.39388, 0.41899, 0.41899
3.61004, 0.91704, 0.91704, 0.39141, 0.39141, 0.42682, 0.42682
3.61670, 0.89909, 0.89909, 0.38676, 0.38676, 0.43017, 0.43017
3.62336, 0.88833, 0.88833, 0.38165, 0.38165, 0.42963, 0.42963
3.63002, 0.88677, 0.88677, 0.38225, 0.38225, 0.43106, 0.43106
3.63668, 0.88258, 0.88258, 0.38676, 0.38676, 0.43822, 0.43822
3.64334, 0.86765, 0.86765, 0.38476, 0.38476, 0.44345, 0.44345
3.65000, 0.84318, 0.84318, 0.37364, 0.37364, 0.44313, 0.44313
3.65667, 0.82001, 0.82001, 0.36542, 0.36542, 0.44563, 0.44563
3.66333, 0.80209, 0.80209, 0.36330, 0.36330, 0.45294, 0.45294
3.66999, 0.78884, 0.78884, 0.36056, 0.36056, 0.45707, 0.45707
3.67665, 0.78339, 0.78339, 0.35731, 0.35731, 0.45611, 0.45611
3.68332, 0.78673, 0.78673, 0.36122, 0.36122, 0.45914, 0.45914
3.68998, 0.79487, 0.79487, 0.37376, 0.37376, 0.47022, 0.47022
3.69665, 0.80530, 0.80530, 0.38525, 0.38525, 0.47840, 0.47840
3.70331, 0.81452, 0.81452, 0.38827, 0.38827, 0.47669, 0.47669
3.70998, 0.81694, 0.81694, 0.38566, 0.38566, 0.47207, 0.47207
3.71664, 0.81254, 0.81254, 0.38726, 0.38726, 0.47660, 0.47660
3.72331, 0.80430, 0.80430, 0.39002, 0.39002, 0.48492, 0.48492
3.72998, 0.79615, 0.79615, 0.38455, 0.38455, 0.48301, 0.48301
3.73664, 0.78972, 0.78972, 0.37879, 0.37879, 0.47964, 0.47964
3.74331, 0.78247, 0.78247, 0.37837, 0.37837, 0.48356, 0.48356
3.74998, 0.77150, 0.77150, 0.38093, 0.38093, 0.49376, 0.49376
3.75665, 0.75664, 0.75664, 0.37392, 0.37392, 0.49418, 0.49418
3.76331, 0.73936, 0.73936, 0.36170, 0.36170, 0.48921, 0.48921
3.76998, 0.72128, 0.72128, 0.35213, 0.35213, 0.48819, 0.48819
3.77665, 0.70251, 0.70251, 0.34913, 0.34913, 0.49697, 0.49697
3.78332, 0.68332, 0.68332, 0.34235, 0.34235, 0.50101, 0.50101
3.78999, 0.66627, 0.66627, 0.33097, 0.33097, 0.49675, 0.49675
3.79666, 0.65371, 0.65371, 0.32128, 0.32128, 0.49147, 0.49147
3.80333, 0.63946, 0.63946, 0.31608, 0.31608, 0.49429, 0.49429
3.81000, 0.62722, 0.62722, 0.31276, 0.31276, 0.49864, 0.49864
3.81667, 0.62603, 0.62603, 0.30845, 0.30845, 0.49271, 0.49271
3.82335, 0.61787, 0.61787, 0.29951, 0.29951, 0.48475, 0.48475
3.83002, 0.58162, 0.58162, 0.28303, 0.28303, 0.48662, 0.48662
3.83669, 0.54105, 0.54105, 0.26853, 0.26853, 0.49631, 0.49631
3.84336, 0.51744, 0.51744, 0.25895, 0.25895, 0.50045, 0.50045
3.85004, 0.50328, 0.50328, 0.24771, 0.24771, 0.49219, 0.49219
3.85671, 0.49136, 0.49136, 0.23770, 0.23770, 0.48376, 0.48376
3.86339, 0.47298, 0.47298, 0.22969, 0.22969, 0.48562, 0.48562
3.87006, 0.44840, 0.44840, 0.22269, 0.22269, 0.49663, 0.49663
3.87673, 0.42027, 0.42027, 0.21081, 0.21081, 0.50162, 0.50162
3.88341, 0.39597, 0.39597, 0.19876, 0.19876, 0.50197, 0.50197
3.89008, 0.37935, 0.37935, 0.19054, 0.19054, 0.50229, 0.50229
3.89676, 0.36902, 0.36902, 0.18847, 0.18847, 0.51075, 0.51075
