0.43613, 1.20936, 1.20936, 0.07027, 0.07027, 0.05811, 0.05811
0.44263, 1.21480, 1.21480, 0.07085, 0.07085, 0.05832, 0.05832
0.44914, 1.21931, 1.21931, 0.07310, 0.07310, 0.05995, 0.05995
0.45564, 1.22695, 1.22695, 0.07638, 0.07638, 0.06225, 0.06225
0.46215, 1.23355, 1.23355, 0.07756, 0.07756, 0.06288, 0.06288
0.46865, 1.24024, 1.24024, 0.08037, 0.08037, 0.06480, 0.06480
0.47516, 1.24624, 1.24624, 0.08407, 0.08407, 0.06746, 0.06746
0.48167, 1.25440, 1.25440, 0.08745, 0.08745, 0.06971, 0.06971
0.48817, 1.26294, 1.26294, 0.08951, 0.08951, 0.07087, 0.07087
0.49468, 1.27109, 1.27109, 0.09608, 0.09608, 0.07558, 0.07558
0.50119, 1.27831, 1.27831, 0.09851, 0.09851, 0.07706, 0.07706
0.50770, 1.28446, 1.28446, 0.10379, 0.10379, 0.08080, 0.08080
0.51421, 1.29445, 1.29445, 0.10613, 0.10613, 0.08199, 0.08199
0.52072, 1.30235, 1.30235, 0.11225, 0.11225, 0.08619, 0.08619
0.52723, 1.31097, 1.31097, 0.11697, 0.11697, 0.08922, 0.08922
0.53374, 1.31906, 1.31906, 0.12395, 0.12395, 0.09397, 0.09397
0.54025, 1.33128, 1.33128, 0.12675, 0.12675, 0.09521, 0.09521
0.54676, 1.33587, 1.33587, 0.13195, 0.13195, 0.09877, 0.09877
0.55327, 1.34661, 1.34661, 0.13857, 0.13857, 0.10290, 0.10290
0.55978, 1.35079, 1.35079, 0.14711, 0.14711, 0.10891, 0.10891
0.56629, 1.33829, 1.33829, 0.15476, 0.15476, 0.11564, 0.11564
0.57281, 1.33872, 1.33872, 0.16280, 0.16280, 0.12161, 0.12161
0.57932, 1.34370, 1.34370, 0.17053, 0.17053, 0.12691, 0.12691
0.58583, 1.34760, 1.34760, 0.17748, 0.17748, 0.13170, 0.13170
0.59235, 1.35101, 1.35101, 0.18435, 0.18435, 0.13646, 0.13646
0.59886, 1.35425, 1.35425, 0.18813, 0.18813, 0.13891, 0.13891
0.60538, 1.35708, 1.35708, 0.19169, 0.19169, 0.14125, 0.14125
0.61189, 1.35818, 1.35818, 0.19756, 0.19756, 0.14546, 0.14546
0.61841, 1.36229, 1.36229, 0.20016, 0.20016, 0.14693, 0.14693
0.62492, 1.36961, 1.36961, 0.20550, 0.20550, 0.15004, 0.15004
0.63144, 1.37019, 1.37019, 0.20475, 0.20475, 0.14943, 0.14943
0.70968, 1.38999, 1.38999, 0.22766, 0.22766, 0.16378, 0.16378
0.71620, 1.39090, 1.39090, 0.22795, 0.22795, 0.16388, 0.16388
0.72272, 1.39069, 1.39069, 0.23027, 0.23027, 0.16558, 0.16558
0.72925, 1.38513, 1.39249, 0.22777, 0.22992, 0.16444, 0.16512
0.73577, 1.38538, 1.39306, 0.22402, 0.22623, 0.16170, 0.16239
0.74230, 1.38509, 1.39308, 0.22247, 0.22475, 0.16062, 0.16133
0.74882, 1.38429, 1.39261, 0.22286, 0.22524, 0.16099, 0.16174
0.75535, 1.38467, 1.39334, 0.22416, 0.22665, 0.16189, 0.16267
0.76187, 1.38119, 1.39019, 0.22423, 0.22683, 0.16235, 0.16316
0.76840, 1.38360, 1.39297, 0.22209, 0.22476, 0.16052, 0.16135
0.77492, 1.38633, 1.39610, 0.22340, 0.22619, 0.16114, 0.16202
0.78145, 1.38487, 1.39502, 0.22091, 0.22378, 0.15951, 0.16041
0.78798, 1.38611, 1.39667, 0.22078, 0.22377, 0.15928, 0.16021
0.79451, 1.38592, 1.39688, 0.21834, 0.22141, 0.15754, 0.15850
0.80104, 1.38547, 1.39685, 0.21880, 0.22199, 0.15792, 0.15892
0.80756, 1.38453, 1.39634, 0.21912, 0.22244, 0.15826, 0.15930
0.81409, 1.38572, 1.39799, 0.22019, 0.22365, 0.15890, 0.15998
0.82062, 1.39102, 1.40379, 0.21892, 0.22248, 0.15738, 0.15849
0.82715, 1.39013, 1.40337, 0.21812, 0.22181, 0.15690, 0.15805
0.83368, 1.39527, 1.40905, 0.21732, 0.22113, 0.15575, 0.15693
0.84022, 1.39609, 1.41039, 0.21750, 0.22146, 0.15579, 0.15702
0.84675, 1.39518, 1.40998, 0.21486, 0.21891, 0.15400, 0.15525
0.85328, 1.39520, 1.41053, 0.21287, 0.21702, 0.15257, 0.15386
0.85981, 1.39931, 1.41524, 0.21604, 0.22041, 0.15439, 0.15574
0.86634, 1.40352, 1.42006, 0.21591, 0.22043, 0.15383, 0.15522
0.87288, 1.40386, 1.42098, 0.21375, 0.21838, 0.15226, 0.15368
0.87941, 1.40577, 1.42352, 0.21077, 0.21550, 0.14993, 0.15138
0.88595, 1.40956, 1.42797, 0.21178, 0.21669, 0.15025, 0.15175
0.89248, 1.41306, 1.43215, 0.21397, 0.21910, 0.15142, 0.15298
0.89902, 1.41341, 1.43316, 0.20966, 0.21486, 0.14833, 0.14992
0.90555, 1.41375, 1.43416, 0.20822, 0.21356, 0.14728, 0.14891
0.91209, 1.41864, 1.43982, 0.20792, 0.21343, 0.14656, 0.14823
0.91862, 1.41989, 1.44179, 0.20849, 0.21420, 0.14684, 0.14856
0.92516, 1.42026, 1.44289, 0.20684, 0.21270, 0.14564, 0.14741
0.93170, 1.42468, 1.44813, 0.20584, 0.21185, 0.14448, 0.14629
0.93824, 1.42495, 1.44917, 0.20539, 0.21159, 0.14414, 0.14601
0.94477, 1.42646, 1.45149, 0.20634, 0.21277, 0.14465, 0.14658
0.95131, 1.42631, 1.45214, 0.20664, 0.21329, 0.14488, 0.14688
0.95785, 1.43307, 1.45986, 0.20573, 0.21256, 0.14356, 0.14560
0.96439, 1.43242, 1.46005, 0.20635, 0.21342, 0.14406, 0.14617
0.97093, 1.43235, 1.46085, 0.20412, 0.21133, 0.14251, 0.14466
0.97747, 1.43350, 1.46292, 0.20307, 0.21046, 0.14166, 0.14386
0.98401, 1.43361, 1.46395, 0.19933, 0.20681, 0.13904, 0.14127
0.99055, 1.43177, 1.46300, 0.19968, 0.20741, 0.13946, 0.14177
0.99710, 1.43757, 1.46989, 0.20029, 0.20828, 0.13932, 0.14170
1.00364, 1.43951, 1.47287, 0.19793, 0.20607, 0.13750, 0.13991
1.01018, 1.43228, 1.46648, 0.19501, 0.20327, 0.13615, 0.13861
1.04720, 1.42441, 1.42441, 0.19083, 0.19083, 0.13397, 0.13397
1.05375, 1.42931, 1.42931, 0.19121, 0.19121, 0.13378, 0.13378
1.06030, 1.43694, 1.43694, 0.19078, 0.19078, 0.13276, 0.13276
1.06685, 1.44382, 1.44382, 0.19048, 0.19048, 0.13193, 0.13193
1.07341, 1.45022, 1.45022, 0.19132, 0.19132, 0.13192, 0.13192
1.07996, 1.45359, 1.45359, 0.19024, 0.19024, 0.13088, 0.13088
1.08651, 1.45066, 1.45066, 0.19083, 0.19083, 0.13155, 0.13155
1.09307, 1.45094, 1.45094, 0.19124, 0.19124, 0.13180, 0.13180
1.09962, 1.45673, 1.45673, 0.19265, 0.19265, 0.13225, 0.13225
1.10617, 1.46036, 1.46036, 0.19385, 0.19385, 0.13274, 0.13274
1.11273, 1.46455, 1.46455, 0.19288, 0.19288, 0.13170, 0.13170
1.11928, 1.46448, 1.46448, 0.19314, 0.19314, 0.13188, 0.13188
1.12584, 1.46499, 1.46499, 0.19325, 0.19325, 0.13191, 0.13191
1.13239, 1.46623, 1.46623, 0.19413, 0.19413, 0.13240, 0.13240
1.13895, 1.46598, 1.46598, 0.19344, 0.19344, 0.13195, 0.13195
1.14551, 1.46597, 1.46597, 0.19411, 0.19411, 0.13241, 0.13241
1.15206, 1.47380, 1.47380, 0.19447, 0.19447, 0.13195, 0.13195
1.15862, 1.47730, 1.47730, 0.19443, 0.19443, 0.13161, 0.13161
1.16518, 1.48210, 1.48210, 0.19460, 0.19460, 0.13130, 0.13130
1.17173, 1.48996, 1.48996, 0.19581, 0.19581, 0.13142, 0.13142
1.17829, 1.49187, 1.49187, 0.19503, 0.19503, 0.13073, 0.13073
1.18485, 1.49127, 1.49127, 0.19627, 0.19627, 0.13161, 0.13161
1.19141, 1.49485, 1.49485, 0.19727, 0.19727, 0.13197, 0.13197
1.19797, 1.49721, 1.49721, 0.19623, 0.19623, 0.13107, 0.13107
1.20453, 1.50014, 1.50014, 0.19542, 0.19542, 0.13027, 0.13027
1.21109, 1.50715, 1.50715, 0.19578, 0.19578, 0.12990, 0.12990
1.21765, 1.50869, 1.50869, 0.19559, 0.19559, 0.12964, 0.12964
1.22421, 1.51167, 1.51167, 0.19634, 0.19634, 0.12988, 0.12988
1.23077, 1.51309, 1.51309, 0.19795, 0.19795, 0.13082, 0.13082
1.23733, 1.51323, 1.51323, 0.19778, 0.19778, 0.13070, 0.13070
1.24389, 1.51569, 1.51569, 0.19863, 0.19863, 0.13105, 0.13105
1.25045, 1.51965, 1.51965, 0.19925, 0.19925, 0.13111, 0.13111
1.25701, 1.52042, 1.52042, 0.19760, 0.19760, 0.12996, 0.12996
1.26357, 1.52170, 1.52170, 0.19778, 0.19778, 0.12997, 0.12997
1.27014, 1.52367, 1.52367, 0.19944, 0.19944, 0.13089, 0.13089
1.27670, 1.53066, 1.53066, 0.19974, 0.19974, 0.13049, 0.13049
1.28326, 1.53131, 1.53131, 0.19893, 0.19893, 0.12990, 0.12990
1.28983, 1.53822, 1.53822, 0.20002, 0.20002, 0.13003, 0.13003
1.29639, 1.54147, 1.54147, 0.20083, 0.20083, 0.13028, 0.13028
1.30295, 1.54376, 1.54376, 0.20070, 0.20070, 0.13001, 0.13001
1.30952, 1.54558, 1.54558, 0.20022, 0.20022, 0.12954, 0.12954
1.31608, 1.54653, 1.54653, 0.20036, 0.20036, 0.12955, 0.12955
1.32265, 1.54506, 1.54506, 0.20202, 0.20202, 0.13075, 0.13075
1.32921, 1.54622, 1.54622, 0.20207, 0.20207, 0.13068, 0.13068
1.33578, 1.55348, 1.55348, 0.20219, 0.20219, 0.13015, 0.13015
1.34234, 1.55190, 1.55190, 0.20325, 0.20325, 0.13097, 0.13097
1.34891, 1.55801, 1.55801, 0.20345, 0.20345, 0.13058, 0.13058
1.35548, 1.56291, 1.56291, 0.20353, 0.20353, 0.13022, 0.13022
1.36205, 1.56582, 1.56582, 0.20296, 0.20296, 0.12962, 0.12962
1.36861, 1.56807, 1.56807, 0.20169, 0.20169, 0.12862, 0.12862
1.37518, 1.56658, 1.56658, 0.20244, 0.20244, 0.12922, 0.12922
1.38175, 1.56398, 1.56398, 0.20261, 0.20261, 0.12954, 0.12954
1.38832, 1.55766, 1.55766, 0.20122, 0.20122, 0.12918, 0.12918
1.39489, 1.55027, 1.55027, 0.20044, 0.20044, 0.12929, 0.12929
1.40145, 1.54725, 1.54725, 0.20075, 0.20075, 0.12974, 0.12974
1.40802, 1.53879, 1.53879, 0.20114, 0.20114, 0.13071, 0.13071
1.41459, 1.53529, 1.53529, 0.20132, 0.20132, 0.13113, 0.13113
1.42116, 1.54203, 1.54203, 0.20316, 0.20316, 0.13175, 0.13175
1.42773, 1.55447, 1.55447, 0.20388, 0.20388, 0.13116, 0.13116
1.43431, 1.56223, 1.56223, 0.20361, 0.20361, 0.13033, 0.13033
1.44088, 1.56877, 1.56877, 0.20291, 0.20291, 0.12934, 0.12934
1.44745, 1.57448, 1.57448, 0.20557, 0.20557, 0.13056, 0.13056
1.45402, 1.58421, 1.58421, 0.20684, 0.20684, 0.13056, 0.13056
1.46059, 1.58956, 1.58956, 0.20836, 0.20836, 0.13108, 0.13108
1.46716, 1.59101, 1.59101, 0.20859, 0.20859, 0.13110, 0.13110
1.47374, 1.59720, 1.59720, 0.20789, 0.20789, 0.13016, 0.13016
1.48031, 1.60128, 1.60128, 0.20840, 0.20840, 0.13014, 0.13014
1.48688, 1.60110, 1.60110, 0.20748, 0.20748, 0.12959, 0.12959
1.49346, 1.60693, 1.60693, 0.20984, 0.20984, 0.13058, 0.13058
1.50003, 1.61002, 1.61002, 0.20971, 0.20971, 0.13025, 0.13025
1.50661, 1.61510, 1.61510, 0.20934, 0.20934, 0.12961, 0.12961
1.51318, 1.61765, 1.61765, 0.21143, 0.21143, 0.13070, 0.13070
1.51976, 1.62610, 1.62610, 0.21199, 0.21199, 0.13037, 0.13037
1.52633, 1.62567, 1.62567, 0.21257, 0.21257, 0.13076, 0.13076
1.53291, 1.62981, 1.62981, 0.21219, 0.21219, 0.13019, 0.13019
1.53948, 1.64337, 1.64337, 0.21288, 0.21288, 0.12954, 0.12954
1.54606, 1.63984, 1.63984, 0.21493, 0.21493, 0.13106, 0.13106
1.55264, 1.64513, 1.64513, 0.21551, 0.21551, 0.13100, 0.13100
1.55921, 1.64595, 1.64595, 0.21543, 0.21543, 0.13089, 0.13089
1.56579, 1.64703, 1.64703, 0.21543, 0.21543, 0.13080, 0.13080
1.57237, 1.64954, 1.64954, 0.21310, 0.21310, 0.12919, 0.12919
1.57895, 1.65270, 1.65270, 0.21412, 0.21412, 0.12956, 0.12956
1.58552, 1.65949, 1.65949, 0.21653, 0.21653, 0.13048, 0.13048
1.59210, 1.66204, 1.66204, 0.21518, 0.21518, 0.12947, 0.12947
1.59868, 1.66762, 1.66762, 0.21566, 0.21566, 0.12932, 0.12932
1.60526, 1.66735, 1.66735, 0.21541, 0.21541, 0.12919, 0.12919
1.61184, 1.66766, 1.66766, 0.21495, 0.21495, 0.12889, 0.12889
1.61842, 1.67096, 1.67096, 0.21594, 0.21594, 0.12923, 0.12923
1.62500, 1.67975, 1.67975, 0.21657, 0.21657, 0.12893, 0.12893
1.63158, 1.67219, 1.67219, 0.21860, 0.21860, 0.13072, 0.13072
1.63816, 1.67902, 1.67902, 0.21688, 0.21688, 0.12917, 0.12917
1.64474, 1.67649, 1.67649, 0.21731, 0.21731, 0.12962, 0.12962
1.67107, 1.67125, 1.67125, 0.21660, 0.21660, 0.12960, 0.12960
1.67766, 1.69749, 1.69749, 0.21840, 0.21840, 0.12866, 0.12866
1.68424, 1.70064, 1.70064, 0.21898, 0.21898, 0.12876, 0.12876
1.69082, 1.71153, 1.71153, 0.22032, 0.22032, 0.12873, 0.12873
1.69741, 1.71620, 1.71620, 0.22069, 0.22069, 0.12859, 0.12859
1.70399, 1.71743, 1.71743, 0.22115, 0.22115, 0.12877, 0.12877
1.71058, 1.71762, 1.71762, 0.22112, 0.22112, 0.12873, 0.12873
1.71716, 1.72560, 1.72560, 0.22185, 0.22185, 0.12856, 0.12856
1.72375, 1.72479, 1.72479, 0.22127, 0.22127, 0.12829, 0.12829
1.73033, 1.72958, 1.72958, 0.22171, 0.22171, 0.12818, 0.12818
1.73692, 1.72941, 1.72941, 0.22101, 0.22101, 0.12779, 0.12779
1.74351, 1.73395, 1.73395, 0.22156, 0.22156, 0.12778, 0.12778
1.75009, 1.74056, 1.74056, 0.22223, 0.22223, 0.12767, 0.12767
1.75668, 1.73945, 1.73945, 0.22216, 0.22216, 0.12772, 0.12772
1.76327, 1.74315, 1.74315, 0.22224, 0.22224, 0.12749, 0.12749
1.76985, 1.74658, 1.74658, 0.22222, 0.22222, 0.12723, 0.12723
1.77644, 1.74420, 1.74420, 0.22223, 0.22223, 0.12741, 0.12741
1.78303, 1.74930, 1.74930, 0.22246, 0.22246, 0.12717, 0.12717
1.78962, 1.75028, 1.75028, 0.22268, 0.22268, 0.12722, 0.12722
1.79621, 1.75091, 1.75091, 0.22258, 0.22258, 0.12712, 0.12712
1.80280, 1.75793, 1.75793, 0.22283, 0.22283, 0.12675, 0.12675
1.80939, 1.75310, 1.75310, 0.22228, 0.22228, 0.12679, 0.12679
1.81598, 1.75718, 1.75718, 0.22230, 0.22230, 0.12651, 0.12651
1.82257, 1.75897, 1.75897, 0.22183, 0.22183, 0.12611, 0.12611
1.82916, 1.76700, 1.76700, 0.22261, 0.22261, 0.12598, 0.12598
1.83575, 1.76624, 1.76624, 0.22183, 0.22183, 0.12559, 0.12559
1.84234, 1.76409, 1.76409, 0.22188, 0.22188, 0.12577, 0.12577
1.84893, 1.76703, 1.76703, 0.22168, 0.22168, 0.12545, 0.12545
1.85552, 1.76613, 1.76613, 0.22139, 0.22139, 0.12535, 0.12535
1.86212, 1.77105, 1.77105, 0.22169, 0.22169, 0.12517, 0.12517
1.86871, 1.76355, 1.76355, 0.22121, 0.22121, 0.12543, 0.12543
1.87530, 1.75634, 1.75634, 0.21922, 0.21922, 0.12481, 0.12481
1.88190, 1.74717, 1.74717, 0.21789, 0.21789, 0.12471, 0.12471
1.88849, 1.72909, 1.72909, 0.21538, 0.21538, 0.12456, 0.12456
1.89508, 1.70652, 1.70652, 0.21203, 0.21203, 0.12424, 0.12424
1.90168, 1.67472, 1.67472, 0.20783, 0.20783, 0.12410, 0.12410
1.90827, 1.64692, 1.64692, 0.20422, 0.20422, 0.12400, 0.12400
1.91487, 1.63409, 1.63409, 0.20229, 0.20229, 0.12379, 0.12379
1.92146, 1.64112, 1.64112, 0.20348, 0.20348, 0.12399, 0.12399
1.92806, 1.65174, 1.65174, 0.20423, 0.20423, 0.12364, 0.12364
1.93465, 1.66544, 1.66544, 0.20684, 0.20684, 0.12420, 0.12420
1.94125, 1.67811, 1.67811, 0.20925, 0.20925, 0.12469, 0.12469
1.94785, 1.68746, 1.68746, 0.21132, 0.21132, 0.12523, 0.12523
1.95444, 1.70138, 1.70138, 0.21192, 0.21192, 0.12455, 0.12455
1.96104, 1.70628, 1.70628, 0.21013, 0.21013, 0.12315, 0.12315
1.96764, 1.72168, 1.72168, 0.21126, 0.21126, 0.12271, 0.12271
1.97424, 1.72494, 1.72494, 0.21183, 0.21183, 0.12280, 0.12280
1.98084, 1.73486, 1.73486, 0.21278, 0.21278, 0.12265, 0.12265
1.98743, 1.74191, 1.74191, 0.21358, 0.21358, 0.12261, 0.12261
1.99403, 1.75040, 1.75040, 0.21737, 0.21737, 0.12418, 0.12418
2.00063, 1.74623, 1.74623, 0.21691, 0.21691, 0.12422, 0.12422
2.00723, 1.73512, 1.73512, 0.21314, 0.21314, 0.12284, 0.12284
2.01383, 1.75120, 1.75120, 0.21495, 0.21495, 0.12275, 0.12275
2.02043, 1.77295, 1.77295, 0.21821, 0.21821, 0.12307, 0.12307
2.02703, 1.78404, 1.78404, 0.21929, 0.21929, 0.12292, 0.12292
2.03363, 1.78691, 1.78691, 0.21940, 0.21940, 0.12278, 0.12278
2.04024, 1.78191, 1.78191, 0.21806, 0.21806, 0.12237, 0.12237
2.04684, 1.78871, 1.78871, 0.21931, 0.21931, 0.12260, 0.12260
2.05344, 1.79064, 1.79064, 0.21803, 0.21803, 0.12176, 0.12176
2.06004, 1.79636, 1.79636, 0.21752, 0.21752, 0.12109, 0.12109
2.06664, 1.78880, 1.78880, 0.21749, 0.21749, 0.12158, 0.12158
2.07325, 1.78867, 1.78867, 0.21755, 0.21755, 0.12163, 0.12163
2.07985, 1.79380, 1.79380, 0.21818, 0.21818, 0.12163, 0.12163
2.08645, 1.79730, 1.79730, 0.21805, 0.21805, 0.12132, 0.12132
2.09306, 1.79860, 1.79860, 0.21894, 0.21894, 0.12172, 0.12172
2.09966, 1.80017, 1.80017, 0.21819, 0.21819, 0.12120, 0.12120
2.10627, 1.80367, 1.80367, 0.21779, 0.21779, 0.12074, 0.12074
2.11287, 1.80402, 1.80402, 0.21660, 0.21660, 0.12007, 0.12007
2.11948, 1.79921, 1.79921, 0.21655, 0.21655, 0.12036, 0.12036
2.12608, 1.81053, 1.81053, 0.21696, 0.21696, 0.11983, 0.11983
2.13269, 1.80317, 1.80317, 0.21623, 0.21623, 0.11991, 0.11991
2.13930, 1.80017, 1.80017, 0.21605, 0.21605, 0.12001, 0.12001
2.14590, 1.79470, 1.79470, 0.21482, 0.21482, 0.11970, 0.11970
2.15251, 1.78601, 1.78601, 0.21348, 0.21348, 0.11953, 0.11953
2.15912, 1.77465, 1.77465, 0.21230, 0.21230, 0.11963, 0.11963
2.16572, 1.75628, 1.75628, 0.20979, 0.20979, 0.11945, 0.11945
2.17233, 1.75080, 1.75080, 0.20850, 0.20850, 0.11908, 0.11908
2.17894, 1.74021, 1.74021, 0.20721, 0.20721, 0.11907, 0.11907
2.18555, 1.73377, 1.73377, 0.20568, 0.20568, 0.11863, 0.11863
2.19216, 1.72246, 1.72246, 0.20466, 0.20466, 0.11882, 0.11882
2.19877, 1.71335, 1.71335, 0.20361, 0.20361, 0.11884, 0.11884
2.20538, 1.71599, 1.71599, 0.20320, 0.20320, 0.11841, 0.11841
2.21199, 1.71692, 1.71692, 0.20286, 0.20286, 0.11815, 0.11815
2.21860, 1.74061, 1.74061, 0.20553, 0.20553, 0.11808, 0.11808
2.22521, 1.74866, 1.74866, 0.20673, 0.20673, 0.11822, 0.11822
2.23182, 1.76464, 1.76464, 0.20794, 0.20794, 0.11784, 0.11784
2.23843, 1.75930, 1.75930, 0.20762, 0.20762, 0.11801, 0.11801
2.24504, 1.77273, 1.77273, 0.20917, 0.20917, 0.11799, 0.11799
2.25165, 1.77641, 1.77641, 0.20902, 0.20902, 0.11766, 0.11766
2.25827, 1.78042, 1.78042, 0.20869, 0.20869, 0.11721, 0.11721
2.26488, 1.77881, 1.77881, 0.20822, 0.20822, 0.11706, 0.11706
2.27149, 1.78288, 1.78288, 0.20917, 0.20917, 0.11732, 0.11732
2.27810, 1.78071, 1.78071, 0.20876, 0.20876, 0.11723, 0.11723
2.28472, 1.77891, 1.77891, 0.20858, 0.20858, 0.11725, 0.11725
2.29133, 1.77577, 1.77577, 0.20811, 0.20811, 0.11719, 0.11719
2.29795, 1.77706, 1.77706, 0.20851, 0.20851, 0.11734, 0.11734
2.30456, 1.76570, 1.76570, 0.20612, 0.20612, 0.11674, 0.11674
2.31118, 1.75917, 1.75917, 0.20570, 0.20570, 0.11693, 0.11693
2.31779, 1.75722, 1.75722, 0.20448, 0.20448, 0.11636, 0.11636
2.32441, 1.75104, 1.75104, 0.20409, 0.20409, 0.11655, 0.11655
2.33102, 1.74888, 1.74888, 0.20281, 0.20281, 0.11596, 0.11596
2.33764, 1.74152, 1.74152, 0.20215, 0.20215, 0.11607, 0.11607
2.34426, 1.73237, 1.73237, 0.20131, 0.20131, 0.11620, 0.11620
2.35087, 1.72689, 1.72689, 0.19978, 0.19978, 0.11569, 0.11569
2.35749, 1.71801, 1.71801, 0.19891, 0.19891, 0.11578, 0.11578
2.36411, 1.70923, 1.70923, 0.19758, 0.19758, 0.11560, 0.11560
2.37072, 1.70266, 1.70266, 0.19688, 0.19688, 0.11563, 0.11563
2.37734, 1.68989, 1.68989, 0.19486, 0.19486, 0.11530, 0.11530
2.38396, 1.68446, 1.68446, 0.19306, 0.19306, 0.11461, 0.11461
2.39058, 1.67240, 1.67240, 0.19185, 0.19185, 0.11471, 0.11471
2.39720, 1.66940, 1.66940, 0.19167, 0.19167, 0.11481, 0.11481
2.40382, 1.66088, 1.66088, 0.19118, 0.19118, 0.11510, 0.11510
2.41044, 1.65394, 1.65394, 0.19033, 0.19033, 0.11507, 0.11507
2.41706, 1.65920, 1.65920, 0.19096, 0.19096, 0.11509, 0.11509
2.42368, 1.65158, 1.65158, 0.18947, 0.18947, 0.11472, 0.11472
2.43030, 1.64784, 1.64784, 0.18861, 0.18861, 0.11446, 0.11446
2.43692, 1.63845, 1.63845, 0.18753, 0.18753, 0.11445, 0.11445
2.44354, 1.63513, 1.63513, 0.18776, 0.18776, 0.11483, 0.11483
2.45017, 1.63065, 1.63065, 0.18676, 0.18676, 0.11453, 0.11453
2.45679, 1.62787, 1.62787, 0.18618, 0.18618, 0.11437, 0.11437
2.46341, 1.62210, 1.62210, 0.18541, 0.18541, 0.11430, 0.11430
2.47003, 1.62253, 1.62253, 0.18469, 0.18469, 0.11383, 0.11383
2.47666, 1.62079, 1.62079, 0.18370, 0.18370, 0.11334, 0.11334
2.48328, 1.61689, 1.61689, 0.18297, 0.18297, 0.11316, 0.11316
2.48990, 1.61423, 1.61423, 0.18243, 0.18243, 0.11301, 0.11301
2.49653, 1.60909, 1.60909, 0.18256, 0.18256, 0.11346, 0.11346
2.50312, 1.60037, 1.60037, 0.18085, 0.18085, 0.11300, 0.11300
2.50972, 1.59229, 1.59229, 0.18006, 0.18006, 0.11308, 0.11308
2.51632, 1.58914, 1.58914, 0.17845, 0.17845, 0.11229, 0.11229
2.52292, 1.58531, 1.58531, 0.17716, 0.17716, 0.11175, 0.11175
2.52951, 1.57782, 1.57782, 0.17628, 0.17628, 0.11172, 0.11172
2.53611, 1.57899, 1.57899, 0.17516, 0.17516, 0.11093, 0.11093
2.54271, 1.57640, 1.57640, 0.17400, 0.17400, 0.11037, 0.11037
2.54931, 1.56693, 1.56693, 0.17252, 0.17252, 0.11010, 0.11010
2.55591, 1.57055, 1.57055, 0.17156, 0.17156, 0.10923, 0.10923
2.56251, 1.56076, 1.56076, 0.16966, 0.16966, 0.10870, 0.10870
2.56911, 1.56129, 1.56129, 0.16927, 0.16927, 0.10841, 0.10841
2.57571, 1.55364, 1.55364, 0.16780, 0.16780, 0.10800, 0.10800
2.58231, 1.54591, 1.54591, 0.16619, 0.16619, 0.10750, 0.10750
2.58891, 1.55306, 1.55306, 0.16580, 0.16580, 0.10676, 0.10676
2.59551, 1.54803, 1.54803, 0.16487, 0.16487, 0.10650, 0.10650
2.60212, 1.54035, 1.54035, 0.16403, 0.16403, 0.10648, 0.10648
2.60872, 1.53925, 1.53925, 0.16375, 0.16375, 0.10638, 0.10638
2.61532, 1.53482, 1.53482, 0.16277, 0.16277, 0.10605, 0.10605
2.62192, 1.52568, 1.52568, 0.16346, 0.16346, 0.10714, 0.10714
2.62853, 1.51992, 1.51992, 0.16157, 0.16157, 0.10630, 0.10630
2.63513, 1.51539, 1.51539, 0.16116, 0.16116, 0.10635, 0.10635
2.64174, 1.50487, 1.50487, 0.15948, 0.15948, 0.10598, 0.10598
2.64834, 1.50005, 1.50005, 0.15620, 0.15620, 0.10413, 0.10413
2.65495, 1.48666, 1.48666, 0.15332, 0.15332, 0.10313, 0.10313
2.84004, 0.87200, 0.87200, 0.03772, 0.03772, 0.04325, 0.04325
2.84666, 0.86709, 0.86709, 0.03719, 0.03719, 0.04289, 0.04289
2.85328, 0.85955, 0.85955, 0.03662, 0.03662, 0.04260, 0.04260
2.85989, 0.86165, 0.86165, 0.03692, 0.03692, 0.04285, 0.04285
2.86651, 0.86310, 0.86310, 0.03706, 0.03706, 0.04294, 0.04294
2.87313, 0.85617, 0.85617, 0.03687, 0.03687, 0.04306, 0.04306
2.87975, 0.85232, 0.85232, 0.03680, 0.03680, 0.04318, 0.04318
2.88636, 0.85004, 0.85004, 0.03656, 0.03656, 0.04301, 0.04301
2.89298, 0.84906, 0.84906, 0.03678, 0.03678, 0.04331, 0.04331
2.89960, 0.84397, 0.84397, 0.03669, 0.03669, 0.04348, 0.04348
2.90622, 0.83866, 0.83866, 0.03622, 0.03622, 0.04319, 0.04319
2.91284, 0.83187, 0.83187, 0.03581, 0.03581, 0.04305, 0.04305
2.91946, 0.82587, 0.82587, 0.03524, 0.03524, 0.04267, 0.04267
2.92608, 0.81795, 0.81795, 0.03445, 0.03445, 0.04212, 0.04212
2.93270, 0.80917, 0.80917, 0.03417, 0.03417, 0.04223, 0.04223
2.93932, 0.80747, 0.80747, 0.03403, 0.03403, 0.04214, 0.04214
2.94595, 0.81538, 0.81538, 0.03454, 0.03454, 0.04236, 0.04236
2.95257, 0.82659, 0.82659, 0.03535, 0.03535, 0.04277, 0.04277
2.95919, 0.83064, 0.83064, 0.03581, 0.03581, 0.04312, 0.04312
2.96581, 0.82348, 0.82348, 0.03601, 0.03601, 0.04373, 0.04373
2.97244, 0.81766, 0.81766, 0.03636, 0.03636, 0.04447, 0.04447
2.97906, 0.81668, 0.81668, 0.03673, 0.03673, 0.04498, 0.04498
2.98568, 0.82197, 0.82197, 0.03724, 0.03724, 0.04531, 0.04531
2.99231, 0.82891, 0.82891, 0.03776, 0.03776, 0.04556, 0.04556
2.99893, 0.83348, 0.83348, 0.03826, 0.03826, 0.04590, 0.04590
3.00556, 0.84011, 0.84011, 0.03888, 0.03888, 0.04629, 0.04629
3.01218, 0.83972, 0.83972, 0.03917, 0.03917, 0.04664, 0.04664
3.01881, 0.84516, 0.84516, 0.03982, 0.03982, 0.04712, 0.04712
3.02544, 0.85250, 0.85250, 0.04049, 0.04049, 0.04749, 0.04749
3.03206, 0.85382, 0.85382, 0.04080, 0.04080, 0.04779, 0.04779
3.03869, 0.85300, 0.85300, 0.04108, 0.04108, 0.04816, 0.04816
3.04532, 0.85378, 0.85378, 0.04129, 0.04129, 0.04837, 0.04837
3.05195, 0.85441, 0.85441, 0.04128, 0.04128, 0.04831, 0.04831
3.05857, 0.85426, 0.85426, 0.04120, 0.04120, 0.04822, 0.04822
3.06520, 0.85943, 0.85943, 0.04155, 0.04155, 0.04834, 0.04834
3.07183, 0.86526, 0.86526, 0.04202, 0.04202, 0.04856, 0.04856
3.07846, 0.85814, 0.85814, 0.04200, 0.04200, 0.04894, 0.04894
3.08509, 0.84751, 0.84751, 0.04193, 0.04193, 0.04947, 0.04947
3.09172, 0.84437, 0.84437, 0.04215, 0.04215, 0.04992, 0.04992
3.09835, 0.84539, 0.84539, 0.04248, 0.04248, 0.05025, 0.05025
3.10498, 0.84416, 0.84416, 0.04243, 0.04243, 0.05027, 0.05027
3.11161, 0.83802, 0.83802, 0.04220, 0.04220, 0.05036, 0.05036
3.11825, 0.83738, 0.83738, 0.04208, 0.04208, 0.05025, 0.05025
3.12488, 0.83992, 0.83992, 0.04249, 0.04249, 0.05058, 0.05058
3.13151, 0.83802, 0.83802, 0.04254, 0.04254, 0.05077, 0.05077
3.13814, 0.83089, 0.83089, 0.04236, 0.04236, 0.05098, 0.05098
3.14478, 0.82939, 0.82939, 0.04253, 0.04253, 0.05128, 0.05128
3.15141, 0.84014, 0.84014, 0.04366, 0.04366, 0.05196, 0.05196
3.15804, 0.85235, 0.85235, 0.04509, 0.04509, 0.05291, 0.05291
3.16468, 0.86185, 0.86185, 0.04661, 0.04661, 0.05408, 0.05408
3.17131, 0.86927, 0.86927, 0.04783, 0.04783, 0.05502, 0.05502
3.17795, 0.86657, 0.86657, 0.04885, 0.04885, 0.05637, 0.05637
3.18458, 0.86415, 0.86415, 0.04973, 0.04973, 0.05755, 0.05755
3.19122, 0.85157, 0.85157, 0.05042, 0.05042, 0.05921, 0.05921
3.19785, 0.83185, 0.83185, 0.05055, 0.05055, 0.06077, 0.06077
3.20449, 0.78436, 0.78436, 0.04880, 0.04880, 0.06221, 0.06221
3.21113, 0.76334, 0.76334, 0.04844, 0.04844, 0.06346, 0.06346
3.21776, 0.76890, 0.76890, 0.04994, 0.04994, 0.06496, 0.06496
3.22440, 0.79843, 0.79843, 0.05313, 0.05313, 0.06655, 0.06655
3.23104, 0.84575, 0.84575, 0.05749, 0.05749, 0.06797, 0.06797
3.23768, 0.87107, 0.87107, 0.06027, 0.06027, 0.06919, 0.06919
3.24432, 0.88680, 0.88680, 0.06261, 0.06261, 0.07060, 0.07060
3.25096, 0.89755, 0.89755, 0.06468, 0.06468, 0.07206, 0.07206
3.25760, 0.90693, 0.90693, 0.06662, 0.06662, 0.07346, 0.07346
3.26424, 0.90903, 0.90903, 0.06776, 0.06776, 0.07455, 0.07455
3.27088, 0.91222, 0.91222, 0.06934, 0.06934, 0.07601, 0.07601
3.27752, 0.91957, 0.91957, 0.07160, 0.07160, 0.07786, 0.07786
3.28416, 0.92977, 0.92977, 0.07439, 0.07439, 0.08001, 0.08001
3.29080, 0.93435, 0.93435, 0.07686, 0.07686, 0.08226, 0.08226
3.29744, 0.93348, 0.93348, 0.07909, 0.07909, 0.08472, 0.08472
3.30408, 0.93520, 0.93520, 0.08114, 0.08114, 0.08676, 0.08676
3.31073, 0.94014, 0.94014, 0.08334, 0.08334, 0.08864, 0.08864
3.31737, 0.94268, 0.94268, 0.08518, 0.08518, 0.09036, 0.09036
3.32401, 0.94252, 0.94252, 0.08707, 0.08707, 0.09238, 0.09238
3.33066, 0.94264, 0.94264, 0.08876, 0.08876, 0.09417, 0.09417
3.33730, 0.95187, 0.95187, 0.09127, 0.09127, 0.09589, 0.09589
3.34395, 0.96117, 0.96117, 0.09418, 0.09418, 0.09799, 0.09799
3.35059, 0.96848, 0.96848, 0.09658, 0.09658, 0.09972, 0.09972
3.35724, 0.97250, 0.97250, 0.09848, 0.09848, 0.10126, 0.10126
3.36388, 0.97448, 0.97448, 0.10082, 0.10082, 0.10346, 0.10346
3.37053, 0.97673, 0.97673, 0.10309, 0.10309, 0.10555, 0.10555
3.37717, 0.98182, 0.98182, 0.10527, 0.10527, 0.10722, 0.10722
3.38382, 0.98711, 0.98711, 0.10724, 0.10724, 0.10864, 0.10864
3.39047, 0.98933, 0.98933, 0.10915, 0.10915, 0.11032, 0.11032
3.39712, 0.98897, 0.98897, 0.11101, 0.11101, 0.11224, 0.11224
3.40376, 0.98301, 0.98301, 0.11226, 0.11226, 0.11420, 0.11420
3.41041, 0.97492, 0.97492, 0.11397, 0.11397, 0.11691, 0.11691
3.41706, 0.97337, 0.97337, 0.11583, 0.11583, 0.11900, 0.11900
3.42371, 0.97197, 0.97197, 0.11751, 0.11751, 0.12089, 0.12089
3.43036, 0.96999, 0.96999, 0.11922, 0.11922, 0.12290, 0.12290
3.43701, 0.96872, 0.96872, 0.12119, 0.12119, 0.12510, 0.12510
3.44366, 0.97236, 0.97236, 0.12312, 0.12312, 0.12662, 0.12662
3.45031, 0.98091, 0.98091, 0.12525, 0.12525, 0.12769, 0.12769
3.45696, 0.99049, 0.99049, 0.12736, 0.12736, 0.12858, 0.12858
3.46361, 0.99845, 0.99845, 0.12965, 0.12965, 0.12985, 0.12985
3.47026, 1.00142, 1.00142, 0.13165, 0.13165, 0.13146, 0.13146
3.47692, 1.00807, 1.00807, 0.13464, 0.13464, 0.13356, 0.13356
3.48357, 1.01464, 1.01464, 0.13857, 0.13857, 0.13658, 0.13658
3.49022, 1.02082, 1.02082, 0.14211, 0.14211, 0.13922, 0.13922
3.49687, 1.02439, 1.02439, 0.14434, 0.14434, 0.14090, 0.14090
3.50353, 1.02728, 1.02728, 0.14698, 0.14698, 0.14308, 0.14308
3.51018, 1.03015, 1.03015, 0.15117, 0.15117, 0.14675, 0.14675
3.51684, 1.02939, 1.02939, 0.15452, 0.15452, 0.15011, 0.15011
3.52349, 1.02750, 1.02750, 0.15742, 0.15742, 0.15321, 0.15321
3.53015, 1.02563, 1.02563, 0.16087, 0.16087, 0.15685, 0.15685
3.53680, 1.02715, 1.02715, 0.16522, 0.16522, 0.16085, 0.16085
3.54346, 1.03025, 1.03025, 0.16839, 0.16839, 0.16345, 0.16345
3.55011, 1.03316, 1.03316, 0.17086, 0.17086, 0.16537, 0.16537
3.55677, 1.03600, 1.03600, 0.17502, 0.17502, 0.16894, 0.16894
3.56343, 1.03903, 1.03903, 0.17970, 0.17970, 0.17295, 0.17295
3.57008, 1.04134, 1.04134, 0.18204, 0.18204, 0.17481, 0.17481
3.57674, 1.04446, 1.04446, 0.18396, 0.18396, 0.17613, 0.17613
3.58340, 1.04848, 1.04848, 0.18799, 0.18799, 0.17930, 0.17930
3.59006, 1.05210, 1.05210, 0.19245, 0.19245, 0.18292, 0.18292
3.59672, 1.04847, 1.04847, 0.19377, 0.19377, 0.18481, 0.18481
3.60338, 1.04574, 1.04574, 0.19447, 0.19447, 0.18597, 0.18597
3.61004, 1.04299, 1.04299, 0.19702, 0.19702, 0.18890, 0.18890
3.61670, 1.04134, 1.04134, 0.20040, 0.20040, 0.19245, 0.19245
3.62336, 1.03580, 1.03580, 0.20186, 0.20186, 0.19488, 0.19488
3.63002, 1.03197, 1.03197, 0.20340, 0.20340, 0.19710, 0.19710
3.63668, 1.03490, 1.03490, 0.20735, 0.20735, 0.20036, 0.20036
3.64334, 1.03954, 1.03954, 0.21248, 0.21248, 0.20439, 0.20439
3.65000, 1.03718, 1.03718, 0.21407, 0.21407, 0.20640, 0.20640
3.65667, 1.03000, 1.03000, 0.21417, 0.21417, 0.20793, 0.20793
3.66333, 1.02533, 1.02533, 0.21666, 0.21666, 0.21131, 0.21131
3.66999, 1.02237, 1.02237, 0.22036, 0.22036, 0.21554, 0.21554
3.67665, 1.02031, 1.02031, 0.22192, 0.22192, 0.21750, 0.21750
3.68332, 1.02021, 1.02021, 0.22251, 0.22251, 0.21810, 0.21810
3.68998, 1.02105, 1.02105, 0.22628, 0.22628, 0.22162, 0.22162
3.69665, 1.01902, 1.01902, 0.23162, 0.23162, 0.22730, 0.22730
3.70331, 1.01512, 1.01512, 0.23413, 0.23413, 0.23065, 0.23065
3.70998, 1.01344, 1.01344, 0.23370, 0.23370, 0.23060, 0.23060
3.71664, 1.01480, 1.01480, 0.23551, 0.23551, 0.23207, 0.23207
3.72331, 1.01241, 1.01241, 0.24073, 0.24073, 0.23778, 0.23778
3.72998, 1.00647, 1.00647, 0.24326, 0.24326, 0.24170, 0.24170
3.73664, 0.99950, 0.99950, 0.24293, 0.24293, 0.24305, 0.24305
3.74331, 0.99176, 0.99176, 0.24277, 0.24277, 0.24478, 0.24478
3.74998, 0.98603, 0.98603, 0.24614, 0.24614, 0.24963, 0.24963
3.75665, 0.98141, 0.98141, 0.24933, 0.24933, 0.25405, 0.25405
3.76331, 0.98000, 0.98000, 0.25000, 0.25000, 0.25510, 0.25510
3.76998, 0.98093, 0.98093, 0.25024, 0.25024, 0.25510, 0.25510
3.77665, 0.97897, 0.97897, 0.25344, 0.25344, 0.25888, 0.25888
3.78332, 0.97438, 0.97438, 0.25891, 0.25891, 0.26572, 0.26572
3.78999, 0.96744, 0.96744, 0.26038, 0.26038, 0.26914, 0.26914
3.79666, 0.96127, 0.96127, 0.25874, 0.25874, 0.26916, 0.26916
3.80333, 0.95593, 0.95593, 0.26025, 0.26025, 0.27224, 0.27224
3.81000, 0.95243, 0.95243, 0.26533, 0.26533, 0.27858, 0.27858
3.81667, 0.95317, 0.95317, 0.26999, 0.26999, 0.28326, 0.28326
3.82335, 0.95274, 0.95274, 0.27034, 0.27034, 0.28375, 0.28375
3.83002, 0.94812, 0.94812, 0.27075, 0.27075, 0.28557, 0.28557
3.83669, 0.94152, 0.94152, 0.27525, 0.27525, 0.29235, 0.29235
3.84336, 0.94020, 0.94020, 0.28169, 0.28169, 0.29960, 0.29960
3.85004, 0.93812, 0.93812, 0.28380, 0.28380, 0.30252, 0.30252
3.85671, 0.93221, 0.93221, 0.28261, 0.28261, 0.30316, 0.30316
3.86339, 0.92403, 0.92403, 0.28294, 0.28294, 0.30620, 0.30620
3.87006, 0.92047, 0.92047, 0.28947, 0.28947, 0.31448, 0.31448
3.87673, 0.92081, 0.92081, 0.29566, 0.29566, 0.32108, 0.32108
3.88341, 0.91863, 0.91863, 0.29806, 0.29806, 0.32446, 0.32446
3.89008, 0.91282, 0.91282, 0.29960, 0.29960, 0.32821, 0.32821
3.89676, 0.90973, 0.90973, 0.30474, 0.30474, 0.33497, 0.33497
