0.43613, 1.08789, 1.08789, 0.06300, 0.06300, 0.05791, 0.05791
0.44263, 1.08799, 1.08799, 0.06397, 0.06397, 0.05879, 0.05879
0.44914, 1.08552, 1.08552, 0.06637, 0.06637, 0.06114, 0.06114
0.45564, 1.09086, 1.09086, 0.07030, 0.07030, 0.06444, 0.06444
0.46215, 1.09190, 1.09190, 0.07176, 0.07176, 0.06572, 0.06572
0.46865, 1.09600, 1.09600, 0.07527, 0.07527, 0.06868, 0.06868
0.47516, 1.09968, 1.09968, 0.07870, 0.07870, 0.07157, 0.07157
0.48167, 1.10211, 1.10211, 0.08269, 0.08269, 0.07503, 0.07503
0.48817, 1.10516, 1.10516, 0.08504, 0.08504, 0.07695, 0.07695
0.49468, 1.10756, 1.10756, 0.09086, 0.09086, 0.08203, 0.08203
0.50119, 1.11290, 1.11290, 0.09433, 0.09433, 0.08476, 0.08476
0.50770, 1.11589, 1.11589, 0.09918, 0.09918, 0.08888, 0.08888
0.51421, 1.11820, 1.11820, 0.10246, 0.10246, 0.09163, 0.09163
0.52072, 1.11895, 1.11895, 0.10767, 0.10767, 0.09623, 0.09623
0.52723, 1.12146, 1.12146, 0.11235, 0.11235, 0.10018, 0.10018
0.53374, 1.12518, 1.12518, 0.12036, 0.12036, 0.10697, 0.10697
0.54025, 1.13089, 1.13089, 0.12508, 0.12508, 0.11060, 0.11060
0.54676, 1.13043, 1.13043, 0.13077, 0.13077, 0.11568, 0.11568
0.55327, 1.13724, 1.13724, 0.13926, 0.13926, 0.12246, 0.12246
0.55978, 1.14146, 1.14146, 0.14995, 0.14995, 0.13137, 0.13137
0.56629, 1.14213, 1.14213, 0.15734, 0.15734, 0.13776, 0.13776
0.57281, 1.14519, 1.14519, 0.16717, 0.16717, 0.14598, 0.14598
0.57932, 1.14976, 1.14976, 0.17999, 0.17999, 0.15654, 0.15654
0.58583, 1.15430, 1.15430, 0.19134, 0.19134, 0.16576, 0.16576
0.59235, 1.15549, 1.15549, 0.19954, 0.19954, 0.17269, 0.17269
0.59886, 1.15827, 1.15827, 0.20800, 0.20800, 0.17958, 0.17958
0.60538, 1.15923, 1.15923, 0.21161, 0.21161, 0.18254, 0.18254
0.61189, 1.16191, 1.16191, 0.22117, 0.22117, 0.19035, 0.19035
0.61841, 1.16560, 1.16560, 0.22697, 0.22697, 0.19472, 0.19472
0.62492, 1.16743, 1.16743, 0.23830, 0.23830, 0.20412, 0.20412
0.63144, 1.16869, 1.16869, 0.24142, 0.24142, 0.20657, 0.20657
0.70968, 1.17980, 1.17980, 0.27220, 0.27220, 0.23071, 0.23071
0.71620, 1.18102, 1.18102, 0.27426, 0.27426, 0.23222, 0.23222
0.72272, 1.18203, 1.18203, 0.27969, 0.27969, 0.23661, 0.23661
0.72925, 1.18473, 1.18431, 0.27825, 0.28145, 0.23487, 0.23765
0.73577, 1.18580, 1.18537, 0.27574, 0.27903, 0.23253, 0.23540
0.74230, 1.18598, 1.18553, 0.27499, 0.27842, 0.23187, 0.23484
0.74882, 1.18677, 1.18630, 0.27553, 0.27911, 0.23217, 0.23527
0.75535, 1.18787, 1.18738, 0.27774, 0.28149, 0.23381, 0.23707
0.76187, 1.18921, 1.18870, 0.27922, 0.28315, 0.23479, 0.23820
0.76840, 1.18960, 1.18907, 0.27829, 0.28237, 0.23394, 0.23747
0.77492, 1.19036, 1.18981, 0.28044, 0.28471, 0.23559, 0.23929
0.78145, 1.19334, 1.19277, 0.27913, 0.28355, 0.23391, 0.23772
0.78798, 1.19307, 1.19248, 0.27937, 0.28396, 0.23416, 0.23813
0.79451, 1.19528, 1.19466, 0.27763, 0.28237, 0.23227, 0.23636
0.80104, 1.19622, 1.19558, 0.27784, 0.28277, 0.23226, 0.23651
0.80756, 1.19647, 1.19580, 0.27807, 0.28320, 0.23241, 0.23683
0.81409, 1.19827, 1.19757, 0.27989, 0.28524, 0.23358, 0.23818
0.82062, 1.20000, 1.19928, 0.27952, 0.28507, 0.23293, 0.23770
0.82715, 1.19968, 1.19893, 0.27817, 0.28390, 0.23187, 0.23679
0.83368, 1.20271, 1.20194, 0.27772, 0.28365, 0.23091, 0.23600
0.84022, 1.20223, 1.20142, 0.27796, 0.28411, 0.23120, 0.23648
0.84675, 1.20405, 1.20321, 0.27573, 0.28205, 0.22900, 0.23442
0.85328, 1.20501, 1.20414, 0.27346, 0.27996, 0.22693, 0.23250
0.85981, 1.20589, 1.20498, 0.27412, 0.28087, 0.22732, 0.23309
0.86634, 1.20809, 1.20716, 0.27614, 0.28318, 0.22857, 0.23458
0.87288, 1.20929, 1.20832, 0.27300, 0.28021, 0.22575, 0.23190
0.87941, 1.21083, 1.20983, 0.26959, 0.27695, 0.22264, 0.22892
0.88595, 1.21118, 1.21015, 0.26962, 0.27725, 0.22261, 0.22910
0.89248, 1.21169, 1.21062, 0.27217, 0.28013, 0.22462, 0.23139
0.89902, 1.21326, 1.21215, 0.26810, 0.27621, 0.22097, 0.22787
0.90555, 1.21480, 1.21365, 0.26634, 0.27468, 0.21925, 0.22632
0.91209, 1.21678, 1.21558, 0.26560, 0.27419, 0.21828, 0.22556
0.91862, 1.21704, 1.21581, 0.26712, 0.27604, 0.21948, 0.22705
0.92516, 1.21936, 1.21808, 0.26455, 0.27368, 0.21696, 0.22468
0.93170, 1.21930, 1.21798, 0.26322, 0.27261, 0.21588, 0.22382
0.93824, 1.22053, 1.21917, 0.26281, 0.27250, 0.21533, 0.22351
0.94477, 1.22147, 1.22006, 0.26379, 0.27382, 0.21596, 0.22443
0.95131, 1.22238, 1.22093, 0.26516, 0.27557, 0.21692, 0.22571
0.95785, 1.22333, 1.22182, 0.26377, 0.27446, 0.21562, 0.22463
0.96439, 1.22223, 1.22068, 0.26493, 0.27601, 0.21676, 0.22611
0.97093, 1.22337, 1.22176, 0.26258, 0.27392, 0.21464, 0.22420
0.97747, 1.22526, 1.22360, 0.26156, 0.27321, 0.21347, 0.22328
0.98401, 1.22524, 1.22353, 0.25766, 0.26950, 0.21030, 0.22026
0.99055, 1.22452, 1.22276, 0.25853, 0.27078, 0.21113, 0.22145
0.99710, 1.22616, 1.22435, 0.26060, 0.27333, 0.21253, 0.22324
1.00364, 1.22725, 1.22537, 0.26048, 0.27359, 0.21224, 0.22327
1.01018, 1.22641, 1.22448, 0.26044, 0.27395, 0.21236, 0.22373
1.04720, 1.21873, 1.21873, 0.26297, 0.26297, 0.21577, 0.21577
1.05375, 1.22298, 1.22298, 0.26425, 0.26425, 0.21607, 0.21607
1.06030, 1.22335, 1.22335, 0.26373, 0.26373, 0.21558, 0.21558
1.06685, 1.22100, 1.22100, 0.26303, 0.26303, 0.21542, 0.21542
1.07341, 1.22360, 1.22360, 0.26490, 0.26490, 0.21649, 0.21649
1.07996, 1.22331, 1.22331, 0.26399, 0.26399, 0.21580, 0.21580
1.08651, 1.22239, 1.22239, 0.26512, 0.26512, 0.21688, 0.21688
1.09307, 1.22226, 1.22226, 0.26571, 0.26571, 0.21739, 0.21739
1.09962, 1.22109, 1.22109, 0.26726, 0.26726, 0.21887, 0.21887
1.10617, 1.22256, 1.22256, 0.26860, 0.26860, 0.21970, 0.21970
1.11273, 1.22208, 1.22208, 0.26871, 0.26871, 0.21988, 0.21988
1.11928, 1.22217, 1.22217, 0.26948, 0.26948, 0.22049, 0.22049
1.12584, 1.22096, 1.22096, 0.27007, 0.27007, 0.22119, 0.22119
1.13239, 1.22017, 1.22017, 0.27042, 0.27042, 0.22163, 0.22163
1.13895, 1.22018, 1.22018, 0.26991, 0.26991, 0.22120, 0.22120
1.14551, 1.22009, 1.22009, 0.27005, 0.27005, 0.22134, 0.22134
1.15206, 1.21908, 1.21908, 0.27054, 0.27054, 0.22192, 0.22192
1.15862, 1.22171, 1.22171, 0.27082, 0.27082, 0.22167, 0.22167
1.16518, 1.22107, 1.22107, 0.27098, 0.27098, 0.22192, 0.22192
1.17173, 1.22231, 1.22231, 0.27149, 0.27149, 0.22211, 0.22211
1.17829, 1.22208, 1.22208, 0.27093, 0.27093, 0.22169, 0.22169
1.18485, 1.22253, 1.22253, 0.27309, 0.27309, 0.22338, 0.22338
1.19141, 1.22436, 1.22436, 0.27456, 0.27456, 0.22424, 0.22424
1.19797, 1.22441, 1.22441, 0.27230, 0.27230, 0.22239, 0.22239
1.20453, 1.22401, 1.22401, 0.27094, 0.27094, 0.22135, 0.22135
1.21109, 1.22506, 1.22506, 0.27164, 0.27164, 0.22174, 0.22174
1.21765, 1.22536, 1.22536, 0.27145, 0.27145, 0.22153, 0.22153
1.22421, 1.22594, 1.22594, 0.27192, 0.27192, 0.22181, 0.22181
1.23077, 1.22516, 1.22516, 0.27386, 0.27386, 0.22353, 0.22353
1.23733, 1.22511, 1.22511, 0.27474, 0.27474, 0.22426, 0.22426
1.24389, 1.22589, 1.22589, 0.27452, 0.27452, 0.22393, 0.22393
1.25045, 1.22620, 1.22620, 0.27572, 0.27572, 0.22486, 0.22486
1.25701, 1.22724, 1.22724, 0.27454, 0.27454, 0.22371, 0.22371
1.26357, 1.22681, 1.22681, 0.27597, 0.27597, 0.22495, 0.22495
1.27014, 1.22503, 1.22503, 0.27749, 0.27749, 0.22651, 0.22651
1.27670, 1.22824, 1.22824, 0.27767, 0.27767, 0.22607, 0.22607
1.28326, 1.23022, 1.23022, 0.27724, 0.27724, 0.22535, 0.22535
1.28983, 1.23017, 1.23017, 0.27796, 0.27796, 0.22596, 0.22596
1.29639, 1.23113, 1.23113, 0.27911, 0.27911, 0.22671, 0.22671
1.30295, 1.23213, 1.23213, 0.27982, 0.27982, 0.22710, 0.22710
1.30952, 1.23193, 1.23193, 0.27820, 0.27820, 0.22583, 0.22583
1.31608, 1.23220, 1.23220, 0.27906, 0.27906, 0.22647, 0.22647
1.32265, 1.23213, 1.23213, 0.28151, 0.28151, 0.22847, 0.22847
1.32921, 1.23373, 1.23373, 0.28096, 0.28096, 0.22773, 0.22773
1.33578, 1.23353, 1.23353, 0.28121, 0.28121, 0.22797, 0.22797
1.34234, 1.23419, 1.23419, 0.28237, 0.28237, 0.22879, 0.22879
1.34891, 1.23455, 1.23455, 0.28360, 0.28360, 0.22972, 0.22972
1.35548, 1.23638, 1.23638, 0.28526, 0.28526, 0.23072, 0.23072
1.36205, 1.23616, 1.23616, 0.28579, 0.28579, 0.23119, 0.23119
1.36861, 1.23722, 1.23722, 0.28471, 0.28471, 0.23012, 0.23012
1.37518, 1.23772, 1.23772, 0.28551, 0.28551, 0.23067, 0.23067
1.38175, 1.23713, 1.23713, 0.28687, 0.28687, 0.23188, 0.23188
1.38832, 1.23712, 1.23712, 0.28546, 0.28546, 0.23074, 0.23074
1.39489, 1.23621, 1.23621, 0.28605, 0.28605, 0.23139, 0.23139
1.40145, 1.23638, 1.23638, 0.28661, 0.28661, 0.23181, 0.23181
1.40802, 1.23462, 1.23462, 0.28820, 0.28820, 0.23343, 0.23343
1.41459, 1.23561, 1.23561, 0.28827, 0.28827, 0.23330, 0.23330
1.42116, 1.23604, 1.23604, 0.28947, 0.28947, 0.23419, 0.23419
1.42773, 1.23736, 1.23736, 0.28844, 0.28844, 0.23311, 0.23311
1.43431, 1.23773, 1.23773, 0.28868, 0.28868, 0.23323, 0.23323
1.44088, 1.23876, 1.23876, 0.28680, 0.28680, 0.23152, 0.23152
1.44745, 1.24001, 1.24001, 0.28872, 0.28872, 0.23283, 0.23283
1.45402, 1.24081, 1.24081, 0.28932, 0.28932, 0.23317, 0.23317
1.46059, 1.24277, 1.24277, 0.29142, 0.29142, 0.23449, 0.23449
1.46716, 1.24275, 1.24275, 0.29185, 0.29185, 0.23484, 0.23484
1.47374, 1.24407, 1.24407, 0.29077, 0.29077, 0.23372, 0.23372
1.48031, 1.24469, 1.24469, 0.29070, 0.29070, 0.23355, 0.23355
1.48688, 1.24495, 1.24495, 0.28882, 0.28882, 0.23199, 0.23199
1.49346, 1.24597, 1.24597, 0.29146, 0.29146, 0.23392, 0.23392
1.50003, 1.24683, 1.24683, 0.29103, 0.29103, 0.23341, 0.23341
1.50661, 1.24726, 1.24726, 0.28933, 0.28933, 0.23197, 0.23197
1.51318, 1.24775, 1.24775, 0.29263, 0.29263, 0.23453, 0.23453
1.51976, 1.24967, 1.24967, 0.29241, 0.29241, 0.23399, 0.23399
1.52633, 1.25060, 1.25060, 0.29265, 0.29265, 0.23401, 0.23401
1.53291, 1.24955, 1.24955, 0.29244, 0.29244, 0.23404, 0.23404
1.53948, 1.25217, 1.25217, 0.29287, 0.29287, 0.23389, 0.23389
1.54606, 1.25130, 1.25130, 0.29581, 0.29581, 0.23640, 0.23640
1.55264, 1.25295, 1.25295, 0.29621, 0.29621, 0.23641, 0.23641
1.55921, 1.25341, 1.25341, 0.29537, 0.29537, 0.23565, 0.23565
1.56579, 1.25548, 1.25548, 0.29551, 0.29551, 0.23538, 0.23538
1.57237, 1.25610, 1.25610, 0.29345, 0.29345, 0.23362, 0.23362
1.57895, 1.25709, 1.25709, 0.29443, 0.29443, 0.23422, 0.23422
1.58552, 1.25755, 1.25755, 0.29688, 0.29688, 0.23608, 0.23608
1.59210, 1.25537, 1.25537, 0.29362, 0.29362, 0.23389, 0.23389
1.59868, 1.25918, 1.25918, 0.29526, 0.29526, 0.23448, 0.23448
1.60526, 1.26112, 1.26112, 0.29540, 0.29540, 0.23423, 0.23423
1.61184, 1.25968, 1.25968, 0.29569, 0.29569, 0.23473, 0.23473
1.61842, 1.25948, 1.25948, 0.29603, 0.29603, 0.23504, 0.23504
1.62500, 1.26123, 1.26123, 0.29697, 0.29697, 0.23546, 0.23546
1.63158, 1.26147, 1.26147, 0.29940, 0.29940, 0.23734, 0.23734
1.63816, 1.26174, 1.26174, 0.29776, 0.29776, 0.23599, 0.23599
1.64474, 1.26034, 1.26034, 0.29844, 0.29844, 0.23679, 0.23679
1.67107, 1.26777, 1.26777, 0.29849, 0.29849, 0.23544, 0.23544
1.67766, 1.26851, 1.26851, 0.29913, 0.29913, 0.23581, 0.23581
1.68424, 1.26977, 1.26977, 0.29789, 0.29789, 0.23460, 0.23460
1.69082, 1.27084, 1.27084, 0.29833, 0.29833, 0.23475, 0.23475
1.69741, 1.27071, 1.27071, 0.29902, 0.29902, 0.23531, 0.23531
1.70399, 1.27306, 1.27306, 0.30031, 0.30031, 0.23589, 0.23589
1.71058, 1.27291, 1.27291, 0.30031, 0.30031, 0.23592, 0.23592
1.71716, 1.27391, 1.27391, 0.30023, 0.30023, 0.23567, 0.23567
1.72375, 1.27554, 1.27554, 0.30102, 0.30102, 0.23599, 0.23599
1.73033, 1.27594, 1.27594, 0.30130, 0.30130, 0.23614, 0.23614
1.73692, 1.27629, 1.27629, 0.30060, 0.30060, 0.23553, 0.23553
1.74351, 1.27774, 1.27774, 0.30093, 0.30093, 0.23551, 0.23551
1.75009, 1.27878, 1.27878, 0.30115, 0.30115, 0.23550, 0.23550
1.75668, 1.28037, 1.28037, 0.30159, 0.30159, 0.23555, 0.23555
1.76327, 1.28102, 1.28102, 0.30126, 0.30126, 0.23517, 0.23517
1.76985, 1.28184, 1.28184, 0.30189, 0.30189, 0.23552, 0.23552
1.77644, 1.28452, 1.28452, 0.30180, 0.30180, 0.23495, 0.23495
1.78303, 1.28533, 1.28533, 0.30219, 0.30219, 0.23511, 0.23511
1.78962, 1.28326, 1.28326, 0.30178, 0.30178, 0.23517, 0.23517
1.79621, 1.28409, 1.28409, 0.30195, 0.30195, 0.23515, 0.23515
1.80280, 1.28687, 1.28687, 0.30227, 0.30227, 0.23489, 0.23489
1.80939, 1.28729, 1.28729, 0.30258, 0.30258, 0.23505, 0.23505
1.81598, 1.28699, 1.28699, 0.30233, 0.30233, 0.23491, 0.23491
1.82257, 1.28730, 1.28730, 0.30241, 0.30241, 0.23492, 0.23492
1.82916, 1.28915, 1.28915, 0.30273, 0.30273, 0.23483, 0.23483
1.83575, 1.29048, 1.29048, 0.30288, 0.30288, 0.23471, 0.23471
1.84234, 1.29045, 1.29045, 0.30292, 0.30292, 0.23474, 0.23474
1.84893, 1.29119, 1.29119, 0.30306, 0.30306, 0.23471, 0.23471
1.85552, 1.29048, 1.29048, 0.30275, 0.30275, 0.23460, 0.23460
1.86212, 1.29327, 1.29327, 0.30305, 0.30305, 0.23433, 0.23433
1.86871, 1.29057, 1.29057, 0.30263, 0.30263, 0.23449, 0.23449
1.87530, 1.29023, 1.29023, 0.30264, 0.30264, 0.23456, 0.23456
1.88190, 1.28857, 1.28857, 0.30216, 0.30216, 0.23449, 0.23449
1.88849, 1.29058, 1.29058, 0.30165, 0.30165, 0.23373, 0.23373
1.89508, 1.28860, 1.28860, 0.30107, 0.30107, 0.23364, 0.23364
1.90168, 1.28531, 1.28531, 0.29962, 0.29962, 0.23311, 0.23311
1.90827, 1.28111, 1.28111, 0.29852, 0.29852, 0.23302, 0.23302
1.91487, 1.28061, 1.28061, 0.29843, 0.29843, 0.23303, 0.23303
1.92146, 1.27982, 1.27982, 0.29810, 0.29810, 0.23292, 0.23292
1.92806, 1.27997, 1.27997, 0.29792, 0.29792, 0.23275, 0.23275
1.93465, 1.28199, 1.28199, 0.29816, 0.29816, 0.23258, 0.23258
1.94125, 1.28416, 1.28416, 0.29806, 0.29806, 0.23211, 0.23211
1.94785, 1.29219, 1.29219, 0.29864, 0.29864, 0.23111, 0.23111
1.95444, 1.28724, 1.28724, 0.29917, 0.29917, 0.23241, 0.23241
1.96104, 1.28867, 1.28867, 0.30092, 0.30092, 0.23351, 0.23351
1.96764, 1.29169, 1.29169, 0.30095, 0.30095, 0.23299, 0.23299
1.97424, 1.29017, 1.29017, 0.30040, 0.30040, 0.23284, 0.23284
1.98084, 1.29259, 1.29259, 0.30074, 0.30074, 0.23266, 0.23266
1.98743, 1.29187, 1.29187, 0.30019, 0.30019, 0.23237, 0.23237
1.99403, 1.29432, 1.29432, 0.29978, 0.29978, 0.23161, 0.23161
2.00063, 1.29666, 1.29666, 0.29877, 0.29877, 0.23041, 0.23041
2.00723, 1.29257, 1.29257, 0.30082, 0.30082, 0.23273, 0.23273
2.01383, 1.29629, 1.29629, 0.30052, 0.30052, 0.23183, 0.23183
2.02043, 1.30110, 1.30110, 0.30053, 0.30053, 0.23098, 0.23098
2.02703, 1.30265, 1.30265, 0.30043, 0.30043, 0.23063, 0.23063
2.03363, 1.30187, 1.30187, 0.30168, 0.30168, 0.23173, 0.23173
2.04024, 1.30243, 1.30243, 0.30208, 0.30208, 0.23193, 0.23193
2.04684, 1.30388, 1.30388, 0.30297, 0.30297, 0.23236, 0.23236
2.05344, 1.30331, 1.30331, 0.30345, 0.30345, 0.23283, 0.23283
2.06004, 1.30372, 1.30372, 0.30462, 0.30462, 0.23365, 0.23365
2.06664, 1.30600, 1.30600, 0.30386, 0.30386, 0.23266, 0.23266
2.07325, 1.30560, 1.30560, 0.30320, 0.30320, 0.23223, 0.23223
2.07985, 1.30651, 1.30651, 0.30327, 0.30327, 0.23213, 0.23213
2.08645, 1.30818, 1.30818, 0.30328, 0.30328, 0.23183, 0.23183
2.09306, 1.30807, 1.30807, 0.30317, 0.30317, 0.23177, 0.23177
2.09966, 1.30809, 1.30809, 0.30348, 0.30348, 0.23200, 0.23200
2.10627, 1.31158, 1.31158, 0.30426, 0.30426, 0.23198, 0.23198
2.11287, 1.30890, 1.30890, 0.30366, 0.30366, 0.23199, 0.23199
2.11948, 1.30941, 1.30941, 0.30421, 0.30421, 0.23232, 0.23232
2.12608, 1.30857, 1.30857, 0.30367, 0.30367, 0.23206, 0.23206
2.13269, 1.30922, 1.30922, 0.30380, 0.30380, 0.23204, 0.23204
2.13930, 1.31023, 1.31023, 0.30428, 0.30428, 0.23223, 0.23223
2.14590, 1.31073, 1.31073, 0.30359, 0.30359, 0.23162, 0.23162
2.15251, 1.31113, 1.31113, 0.30399, 0.30399, 0.23185, 0.23185
2.15912, 1.31013, 1.31013, 0.30389, 0.30389, 0.23195, 0.23195
2.16572, 1.31046, 1.31046, 0.30359, 0.30359, 0.23167, 0.23167
2.17233, 1.31062, 1.31062, 0.30327, 0.30327, 0.23139, 0.23139
2.17894, 1.30951, 1.30951, 0.30315, 0.30315, 0.23150, 0.23150
2.18555, 1.30743, 1.30743, 0.30216, 0.30216, 0.23111, 0.23111
2.19216, 1.30630, 1.30630, 0.30179, 0.30179, 0.23102, 0.23102
2.19877, 1.30492, 1.30492, 0.30130, 0.30130, 0.23089, 0.23089
2.20538, 1.30476, 1.30476, 0.30092, 0.30092, 0.23063, 0.23063
2.21199, 1.30454, 1.30454, 0.30079, 0.30079, 0.23057, 0.23057
2.21860, 1.30415, 1.30415, 0.30018, 0.30018, 0.23017, 0.23017
2.22521, 1.30226, 1.30226, 0.29942, 0.29942, 0.22992, 0.22992
2.23182, 1.30188, 1.30188, 0.29898, 0.29898, 0.22965, 0.22965
2.23843, 1.29809, 1.29809, 0.29774, 0.29774, 0.22936, 0.22936
2.24504, 1.29524, 1.29524, 0.29729, 0.29729, 0.22953, 0.22953
2.25165, 1.29308, 1.29308, 0.29624, 0.29624, 0.22910, 0.22910
2.25827, 1.29190, 1.29190, 0.29560, 0.29560, 0.22881, 0.22881
2.26488, 1.28989, 1.28989, 0.29436, 0.29436, 0.22820, 0.22820
2.27149, 1.28928, 1.28928, 0.29519, 0.29519, 0.22895, 0.22895
2.27810, 1.28713, 1.28713, 0.29476, 0.29476, 0.22900, 0.22900
2.28472, 1.28240, 1.28240, 0.29354, 0.29354, 0.22890, 0.22890
2.29133, 1.28162, 1.28162, 0.29397, 0.29397, 0.22937, 0.22937
2.29795, 1.27975, 1.27975, 0.29311, 0.29311, 0.22904, 0.22904
2.30456, 1.27777, 1.27777, 0.29241, 0.29241, 0.22885, 0.22885
2.31118, 1.27586, 1.27586, 0.29174, 0.29174, 0.22866, 0.22866
2.31779, 1.27524, 1.27524, 0.29090, 0.29090, 0.22811, 0.22811
2.32441, 1.27399, 1.27399, 0.28996, 0.28996, 0.22759, 0.22759
2.33102, 1.27221, 1.27221, 0.28944, 0.28944, 0.22751, 0.22751
2.33764, 1.27238, 1.27238, 0.28947, 0.28947, 0.22750, 0.22750
2.34426, 1.27230, 1.27230, 0.28968, 0.28968, 0.22768, 0.22768
2.35087, 1.27171, 1.27171, 0.28945, 0.28945, 0.22761, 0.22761
2.35749, 1.27219, 1.27219, 0.28937, 0.28937, 0.22746, 0.22746
2.36411, 1.27301, 1.27301, 0.28959, 0.28959, 0.22748, 0.22748
2.37072, 1.27340, 1.27340, 0.29012, 0.29012, 0.22783, 0.22783
2.37734, 1.27458, 1.27458, 0.29004, 0.29004, 0.22756, 0.22756
2.38396, 1.27283, 1.27283, 0.28902, 0.28902, 0.22707, 0.22707
2.39058, 1.27322, 1.27322, 0.28917, 0.28917, 0.22712, 0.22712
2.39720, 1.27550, 1.27550, 0.28983, 0.28983, 0.22723, 0.22723
2.40382, 1.27203, 1.27203, 0.29067, 0.29067, 0.22851, 0.22851
2.41044, 1.27608, 1.27608, 0.29188, 0.29188, 0.22873, 0.22873
2.41706, 1.27726, 1.27726, 0.29216, 0.29216, 0.22874, 0.22874
2.42368, 1.27498, 1.27498, 0.29140, 0.29140, 0.22855, 0.22855
2.43030, 1.27491, 1.27491, 0.29111, 0.29111, 0.22834, 0.22834
2.43692, 1.27278, 1.27278, 0.29108, 0.29108, 0.22869, 0.22869
2.44354, 1.27284, 1.27284, 0.29114, 0.29114, 0.22873, 0.22873
2.45017, 1.27215, 1.27215, 0.29077, 0.29077, 0.22857, 0.22857
2.45679, 1.27065, 1.27065, 0.28971, 0.28971, 0.22800, 0.22800
2.46341, 1.26838, 1.26838, 0.28937, 0.28937, 0.22814, 0.22814
2.47003, 1.26786, 1.26786, 0.28857, 0.28857, 0.22760, 0.22760
2.47666, 1.26501, 1.26501, 0.28694, 0.28694, 0.22682, 0.22682
2.48328, 1.26670, 1.26670, 0.28635, 0.28635, 0.22606, 0.22606
2.48990, 1.26228, 1.26228, 0.28660, 0.28660, 0.22705, 0.22705
2.49653, 1.26399, 1.26399, 0.28732, 0.28732, 0.22731, 0.22731
2.50312, 1.26319, 1.26319, 0.28659, 0.28659, 0.22688, 0.22688
2.50972, 1.26216, 1.26216, 0.28619, 0.28619, 0.22675, 0.22675
2.51632, 1.26086, 1.26086, 0.28513, 0.28513, 0.22614, 0.22614
2.52292, 1.26087, 1.26087, 0.28392, 0.28392, 0.22517, 0.22517
2.52951, 1.25961, 1.25961, 0.28335, 0.28335, 0.22495, 0.22495
2.53611, 1.25870, 1.25870, 0.28287, 0.28287, 0.22473, 0.22473
2.54271, 1.25959, 1.25959, 0.28227, 0.28227, 0.22409, 0.22409
2.54931, 1.25987, 1.25987, 0.28165, 0.28165, 0.22356, 0.22356
2.55591, 1.26085, 1.26085, 0.28026, 0.28026, 0.22228, 0.22228
2.56251, 1.26098, 1.26098, 0.28040, 0.28040, 0.22237, 0.22237
2.56911, 1.26163, 1.26163, 0.27995, 0.27995, 0.22189, 0.22189
2.57571, 1.26149, 1.26149, 0.27960, 0.27960, 0.22164, 0.22164
2.58231, 1.26338, 1.26338, 0.27980, 0.27980, 0.22147, 0.22147
2.58891, 1.26275, 1.26275, 0.27936, 0.27936, 0.22123, 0.22123
2.59551, 1.26351, 1.26351, 0.27900, 0.27900, 0.22081, 0.22081
2.60212, 1.26133, 1.26133, 0.27776, 0.27776, 0.22021, 0.22021
2.60872, 1.26426, 1.26426, 0.27906, 0.27906, 0.22073, 0.22073
2.61532, 1.26573, 1.26573, 0.27987, 0.27987, 0.22111, 0.22111
2.62192, 1.26131, 1.26131, 0.28060, 0.28060, 0.22247, 0.22247
2.62853, 1.26129, 1.26129, 0.27836, 0.27836, 0.22069, 0.22069
2.63513, 1.26260, 1.26260, 0.27764, 0.27764, 0.21990, 0.21990
2.64174, 1.26093, 1.26093, 0.27542, 0.27542, 0.21843, 0.21843
2.64834, 1.26035, 1.26035, 0.27185, 0.27185, 0.21570, 0.21570
2.65495, 1.26001, 1.26001, 0.26525, 0.26525, 0.21052, 0.21052
2.84004, 1.14670, 1.14670, 0.07088, 0.07088, 0.06182, 0.06182
2.84666, 1.14332, 1.14332, 0.07055, 0.07055, 0.06171, 0.06171
2.85328, 1.14190, 1.14190, 0.07027, 0.07027, 0.06153, 0.06153
2.85989, 1.13706, 1.13706, 0.07044, 0.07044, 0.06195, 0.06195
2.86651, 1.12559, 1.12559, 0.06995, 0.06995, 0.06215, 0.06215
2.87313, 1.11763, 1.11763, 0.06936, 0.06936, 0.06206, 0.06206
2.87975, 1.11630, 1.11630, 0.06943, 0.06943, 0.06220, 0.06220
2.88636, 1.11781, 1.11781, 0.06952, 0.06952, 0.06220, 0.06220
2.89298, 1.11567, 1.11567, 0.06929, 0.06929, 0.06210, 0.06210
2.89960, 1.11147, 1.11147, 0.06825, 0.06825, 0.06141, 0.06141
2.90622, 1.10476, 1.10476, 0.06764, 0.06764, 0.06122, 0.06122
2.91284, 1.09776, 1.09776, 0.06682, 0.06682, 0.06087, 0.06087
2.91946, 1.09569, 1.09569, 0.06663, 0.06663, 0.06081, 0.06081
2.92608, 1.09702, 1.09702, 0.06616, 0.06616, 0.06031, 0.06031
2.93270, 1.09416, 1.09416, 0.06562, 0.06562, 0.05997, 0.05997
2.93932, 1.08441, 1.08441, 0.06504, 0.06504, 0.05998, 0.05998
2.94595, 1.07991, 1.07991, 0.06486, 0.06486, 0.06006, 0.06006
2.95257, 1.08290, 1.08290, 0.06498, 0.06498, 0.06001, 0.06001
2.95919, 1.08518, 1.08518, 0.06497, 0.06497, 0.05987, 0.05987
2.96581, 1.08510, 1.08510, 0.06563, 0.06563, 0.06048, 0.06048
2.97244, 1.08566, 1.08566, 0.06631, 0.06631, 0.06107, 0.06107
2.97906, 1.08607, 1.08607, 0.06706, 0.06706, 0.06175, 0.06175
2.98568, 1.08379, 1.08379, 0.06738, 0.06738, 0.06217, 0.06217
2.99231, 1.07729, 1.07729, 0.06730, 0.06730, 0.06247, 0.06247
2.99893, 1.07311, 1.07311, 0.06775, 0.06775, 0.06313, 0.06313
3.00556, 1.07372, 1.07372, 0.06850, 0.06850, 0.06379, 0.06379
3.01218, 1.07526, 1.07526, 0.06976, 0.06976, 0.06487, 0.06487
3.01881, 1.07633, 1.07633, 0.07084, 0.07084, 0.06582, 0.06582
3.02544, 1.07808, 1.07808, 0.07198, 0.07198, 0.06677, 0.06677
3.03206, 1.07667, 1.07667, 0.07245, 0.07245, 0.06729, 0.06729
3.03869, 1.07489, 1.07489, 0.07265, 0.07265, 0.06759, 0.06759
3.04532, 1.07596, 1.07596, 0.07301, 0.07301, 0.06785, 0.06785
3.05195, 1.07809, 1.07809, 0.07310, 0.07310, 0.06780, 0.06780
3.05857, 1.07669, 1.07669, 0.07299, 0.07299, 0.06779, 0.06779
3.06520, 1.07060, 1.07060, 0.07259, 0.07259, 0.06780, 0.06780
3.07183, 1.06642, 1.06642, 0.07267, 0.07267, 0.06814, 0.06814
3.07846, 1.06745, 1.06745, 0.07319, 0.07319, 0.06857, 0.06857
3.08509, 1.06911, 1.06911, 0.07366, 0.07366, 0.06890, 0.06890
3.09172, 1.06843, 1.06843, 0.07420, 0.07420, 0.06944, 0.06944
3.09835, 1.06775, 1.06775, 0.07460, 0.07460, 0.06987, 0.06987
3.10498, 1.06424, 1.06424, 0.07468, 0.07468, 0.07018, 0.07018
3.11161, 1.05883, 1.05883, 0.07476, 0.07476, 0.07061, 0.07061
3.11825, 1.05411, 1.05411, 0.07470, 0.07470, 0.07086, 0.07086
3.12488, 1.05459, 1.05459, 0.07505, 0.07505, 0.07116, 0.07116
3.13151, 1.05108, 1.05108, 0.07483, 0.07483, 0.07119, 0.07119
3.13814, 1.04797, 1.04797, 0.07470, 0.07470, 0.07128, 0.07128
3.14478, 1.04692, 1.04692, 0.07503, 0.07503, 0.07167, 0.07167
3.15141, 1.05094, 1.05094, 0.07627, 0.07627, 0.07257, 0.07257
3.15804, 1.05471, 1.05471, 0.07820, 0.07820, 0.07414, 0.07414
3.16468, 1.05917, 1.05917, 0.08012, 0.08012, 0.07564, 0.07564
3.17131, 1.06291, 1.06291, 0.08164, 0.08164, 0.07681, 0.07681
3.17795, 1.06575, 1.06575, 0.08316, 0.08316, 0.07803, 0.07803
3.18458, 1.06707, 1.06707, 0.08485, 0.08485, 0.07951, 0.07951
3.19122, 1.06631, 1.06631, 0.08628, 0.08628, 0.08091, 0.08091
3.19785, 1.06246, 1.06246, 0.08780, 0.08780, 0.08264, 0.08264
3.20449, 1.05856, 1.05856, 0.08912, 0.08912, 0.08419, 0.08419
3.21113, 1.05758, 1.05758, 0.09038, 0.09038, 0.08546, 0.08546
3.21776, 1.05917, 1.05917, 0.09188, 0.09188, 0.08674, 0.08674
3.22440, 1.06256, 1.06256, 0.09427, 0.09427, 0.08872, 0.08872
3.23104, 1.06541, 1.06541, 0.09632, 0.09632, 0.09041, 0.09041
3.23768, 1.06635, 1.06635, 0.09816, 0.09816, 0.09206, 0.09206
3.24432, 1.06623, 1.06623, 0.10008, 0.10008, 0.09386, 0.09386
3.25096, 1.06733, 1.06733, 0.10214, 0.10214, 0.09570, 0.09570
3.25760, 1.06696, 1.06696, 0.10360, 0.10360, 0.09709, 0.09709
3.26424, 1.06609, 1.06609, 0.10498, 0.10498, 0.09848, 0.09848
3.27088, 1.06247, 1.06247, 0.10718, 0.10718, 0.10088, 0.10088
3.27752, 1.06147, 1.06147, 0.10970, 0.10970, 0.10335, 0.10335
3.28416, 1.06489, 1.06489, 0.11308, 0.11308, 0.10619, 0.10619
3.29080, 1.06926, 1.06926, 0.11726, 0.11726, 0.10967, 0.10967
3.29744, 1.07070, 1.07070, 0.12073, 0.12073, 0.11276, 0.11276
3.30408, 1.06900, 1.06900, 0.12313, 0.12313, 0.11518, 0.11518
3.31073, 1.06905, 1.06905, 0.12630, 0.12630, 0.11814, 0.11814
3.31737, 1.06926, 1.06926, 0.12937, 0.12937, 0.12099, 0.12099
3.32401, 1.07032, 1.07032, 0.13210, 0.13210, 0.12342, 0.12342
3.33066, 1.07236, 1.07236, 0.13519, 0.13519, 0.12607, 0.12607
3.33730, 1.07385, 1.07385, 0.13859, 0.13859, 0.12906, 0.12906
3.34395, 1.07212, 1.07212, 0.14151, 0.14151, 0.13199, 0.13199
3.35059, 1.07034, 1.07034, 0.14356, 0.14356, 0.13412, 0.13412
3.35724, 1.07079, 1.07079, 0.14649, 0.14649, 0.13680, 0.13680
3.36388, 1.07280, 1.07280, 0.15001, 0.15001, 0.13983, 0.13983
3.37053, 1.07376, 1.07376, 0.15292, 0.15292, 0.14242, 0.14242
3.37717, 1.07329, 1.07329, 0.15573, 0.15573, 0.14509, 0.14509
3.38382, 1.07330, 1.07330, 0.15867, 0.15867, 0.14783, 0.14783
3.39047, 1.07230, 1.07230, 0.16133, 0.16133, 0.15045, 0.15045
3.39712, 1.07066, 1.07066, 0.16383, 0.16383, 0.15302, 0.15302
3.40376, 1.06939, 1.06939, 0.16707, 0.16707, 0.15623, 0.15623
3.41041, 1.06851, 1.06851, 0.17034, 0.17034, 0.15941, 0.15941
3.41706, 1.06761, 1.06761, 0.17271, 0.17271, 0.16178, 0.16178
3.42371, 1.06743, 1.06743, 0.17493, 0.17493, 0.16388, 0.16388
3.43036, 1.06679, 1.06679, 0.17840, 0.17840, 0.16723, 0.16723
3.43701, 1.06378, 1.06378, 0.18127, 0.18127, 0.17040, 0.17040
3.44366, 1.06243, 1.06243, 0.18284, 0.18284, 0.17209, 0.17209
3.45031, 1.06105, 1.06105, 0.18483, 0.18483, 0.17420, 0.17420
3.45696, 1.05929, 1.05929, 0.18845, 0.18845, 0.17790, 0.17790
3.46361, 1.05757, 1.05757, 0.19211, 0.19211, 0.18165, 0.18165
3.47026, 1.05458, 1.05458, 0.19457, 0.19457, 0.18450, 0.18450
3.47692, 1.05218, 1.05218, 0.19748, 0.19748, 0.18769, 0.18769
3.48357, 1.05125, 1.05125, 0.20110, 0.20110, 0.19130, 0.19130
3.49022, 1.05627, 1.05627, 0.20475, 0.20475, 0.19384, 0.19384
3.49687, 1.05802, 1.05802, 0.20741, 0.20741, 0.19604, 0.19604
3.50353, 1.05916, 1.05916, 0.21159, 0.21159, 0.19978, 0.19978
3.51018, 1.05994, 1.05994, 0.21715, 0.21715, 0.20487, 0.20487
3.51684, 1.06084, 1.06084, 0.22176, 0.22176, 0.20904, 0.20904
3.52349, 1.06261, 1.06261, 0.22665, 0.22665, 0.21330, 0.21330
3.53015, 1.06443, 1.06443, 0.23285, 0.23285, 0.21876, 0.21876
3.53680, 1.06549, 1.06549, 0.23839, 0.23839, 0.22374, 0.22374
3.54346, 1.06455, 1.06455, 0.24070, 0.24070, 0.22610, 0.22610
3.55011, 1.06365, 1.06365, 0.24389, 0.24389, 0.22930, 0.22930
3.55677, 1.06413, 1.06413, 0.25045, 0.25045, 0.23535, 0.23535
3.56343, 1.06456, 1.06456, 0.25555, 0.25555, 0.24006, 0.24006
3.57008, 1.06455, 1.06455, 0.25725, 0.25725, 0.24165, 0.24165
3.57674, 1.06278, 1.06278, 0.25955, 0.25955, 0.24422, 0.24422
3.58340, 1.06050, 1.06050, 0.26519, 0.26519, 0.25006, 0.25006
3.59006, 1.05852, 1.05852, 0.26933, 0.26933, 0.25444, 0.25444
3.59672, 1.05813, 1.05813, 0.26996, 0.26996, 0.25513, 0.25513
3.60338, 1.05719, 1.05719, 0.27170, 0.27170, 0.25700, 0.25700
3.61004, 1.05419, 1.05419, 0.27622, 0.27622, 0.26202, 0.26202
3.61670, 1.04981, 1.04981, 0.27828, 0.27828, 0.26508, 0.26508
3.62336, 1.04712, 1.04712, 0.27816, 0.27816, 0.26564, 0.26564
3.63002, 1.04574, 1.04574, 0.27998, 0.27998, 0.26773, 0.26773
3.63668, 1.04467, 1.04467, 0.28619, 0.28619, 0.27396, 0.27396
3.64334, 1.04271, 1.04271, 0.29019, 0.29019, 0.27831, 0.27831
3.65000, 1.04124, 1.04124, 0.28947, 0.28947, 0.27801, 0.27801
3.65667, 1.04012, 1.04012, 0.29005, 0.29005, 0.27886, 0.27886
3.66333, 1.03718, 1.03718, 0.29530, 0.29530, 0.28472, 0.28472
3.66999, 1.03428, 1.03428, 0.29907, 0.29907, 0.28916, 0.28916
3.67665, 1.03254, 1.03254, 0.29763, 0.29763, 0.28825, 0.28825
3.68332, 1.03161, 1.03161, 0.29791, 0.29791, 0.28878, 0.28878
3.68998, 1.03088, 1.03088, 0.30391, 0.30391, 0.29481, 0.29481
3.69665, 1.02599, 1.02599, 0.30927, 0.30927, 0.30144, 0.30144
3.70331, 1.02083, 1.02083, 0.30748, 0.30748, 0.30121, 0.30121
3.70998, 1.01762, 1.01762, 0.30515, 0.30515, 0.29987, 0.29987
3.71664, 1.01403, 1.01403, 0.30776, 0.30776, 0.30350, 0.30350
3.72331, 1.01051, 1.01051, 0.31220, 0.31220, 0.30896, 0.30896
3.72998, 1.00620, 1.00620, 0.31158, 0.31158, 0.30966, 0.30966
3.73664, 1.00114, 1.00114, 0.30790, 0.30790, 0.30755, 0.30755
3.74331, 0.99604, 0.99604, 0.30870, 0.30870, 0.30993, 0.30993
3.74998, 0.99214, 0.99214, 0.31360, 0.31360, 0.31608, 0.31608
3.75665, 0.99096, 0.99096, 0.31408, 0.31408, 0.31694, 0.31694
3.76331, 0.98909, 0.98909, 0.30940, 0.30940, 0.31281, 0.31281
3.76998, 0.98598, 0.98598, 0.30789, 0.30789, 0.31227, 0.31227
3.77665, 0.97900, 0.97900, 0.31232, 0.31232, 0.31902, 0.31902
3.78332, 0.97306, 0.97306, 0.31566, 0.31566, 0.32440, 0.32440
3.78999, 0.96954, 0.96954, 0.31258, 0.31258, 0.32240, 0.32240
3.79666, 0.96324, 0.96324, 0.30806, 0.30806, 0.31982, 0.31982
3.80333, 0.95808, 0.95808, 0.30904, 0.30904, 0.32256, 0.32256
3.81000, 0.95309, 0.95309, 0.31254, 0.31254, 0.32792, 0.32792
3.81667, 0.94974, 0.94974, 0.31092, 0.31092, 0.32738, 0.32738
3.82335, 0.94401, 0.94401, 0.30473, 0.30473, 0.32280, 0.32280
3.83002, 0.93482, 0.93482, 0.30171, 0.30171, 0.32275, 0.32275
3.83669, 0.92763, 0.92763, 0.30583, 0.30583, 0.32968, 0.32968
3.84336, 0.92373, 0.92373, 0.30915, 0.30915, 0.33467, 0.33467
3.85004, 0.92078, 0.92078, 0.30589, 0.30589, 0.33221, 0.33221
3.85671, 0.91665, 0.91665, 0.30036, 0.30036, 0.32767, 0.32767
3.86339, 0.90998, 0.90998, 0.29858, 0.29858, 0.32811, 0.32811
3.87006, 0.90324, 0.90324, 0.30236, 0.30236, 0.33475, 0.33475
3.87673, 0.89757, 0.89757, 0.30401, 0.30401, 0.33870, 0.33870
3.88341, 0.89308, 0.89308, 0.30052, 0.30052, 0.33649, 0.33649
3.89008, 0.88872, 0.88872, 0.29834, 0.29834, 0.33569, 0.33569
3.89676, 0.88418, 0.88418, 0.30182, 0.30182, 0.34135, 0.34135
