0.43613, 1.02945, 1.02945, 0.06507, 0.06507, 0.06321, 0.06321
0.44263, 1.03403, 1.03403, 0.06520, 0.06520, 0.06306, 0.06306
0.44914, 1.03372, 1.03372, 0.06728, 0.06728, 0.06509, 0.06509
0.45564, 1.04170, 1.04170, 0.07061, 0.07061, 0.06778, 0.06778
0.46215, 1.03861, 1.03861, 0.07111, 0.07111, 0.06846, 0.06846
0.46865, 1.04522, 1.04522, 0.07412, 0.07412, 0.07091, 0.07091
0.47516, 1.05396, 1.05396, 0.07735, 0.07735, 0.07339, 0.07339
0.48167, 1.05225, 1.05225, 0.08036, 0.08036, 0.07637, 0.07637
0.48817, 1.05885, 1.05885, 0.08213, 0.08213, 0.07757, 0.07757
0.49468, 1.06283, 1.06283, 0.08724, 0.08724, 0.08208, 0.08208
0.50119, 1.06500, 1.06500, 0.08963, 0.08963, 0.08416, 0.08416
0.50770, 1.06968, 1.06968, 0.09386, 0.09386, 0.08775, 0.08775
0.51421, 1.07026, 1.07026, 0.09568, 0.09568, 0.08940, 0.08940
0.52072, 1.07628, 1.07628, 0.10045, 0.10045, 0.09333, 0.09333
0.52723, 1.07703, 1.07703, 0.10401, 0.10401, 0.09657, 0.09657
0.53374, 1.08225, 1.08225, 0.11014, 0.11014, 0.10177, 0.10177
0.54025, 1.08501, 1.08501, 0.11277, 0.11277, 0.10393, 0.10393
0.54676, 1.09053, 1.09053, 0.11719, 0.11719, 0.10746, 0.10746
0.55327, 1.09651, 1.09651, 0.12288, 0.12288, 0.11206, 0.11206
0.55978, 1.10112, 1.10112, 0.13075, 0.13075, 0.11874, 0.11874
0.56629, 1.09680, 1.09680, 0.13606, 0.13606, 0.12405, 0.12405
0.57281, 1.09778, 1.09778, 0.14263, 0.14263, 0.12992, 0.12992
0.57932, 1.10578, 1.10578, 0.14989, 0.14989, 0.13555, 0.13555
0.58583, 1.10650, 1.10650, 0.15749, 0.15749, 0.14233, 0.14233
0.59235, 1.11169, 1.11169, 0.16202, 0.16202, 0.14574, 0.14574
0.59886, 1.11141, 1.11141, 0.16735, 0.16735, 0.15057, 0.15057
0.60538, 1.11933, 1.11933, 0.17017, 0.17017, 0.15203, 0.15203
0.61189, 1.12199, 1.12199, 0.17695, 0.17695, 0.15771, 0.15771
0.61841, 1.12307, 1.12307, 0.17954, 0.17954, 0.15986, 0.15986
0.62492, 1.12471, 1.12471, 0.18644, 0.18644, 0.16577, 0.16577
0.63144, 1.12682, 1.12682, 0.18494, 0.18494, 0.16413, 0.16413
0.70968, 1.17285, 1.17285, 0.20979, 0.20979, 0.17887, 0.17887
0.71620, 1.17227, 1.17227, 0.21041, 0.21041, 0.17949, 0.17949
0.72272, 1.17709, 1.17709, 0.21411, 0.21411, 0.18190, 0.18190
0.72925, 1.18401, 1.18190, 0.21595, 0.21509, 0.18239, 0.18199
0.73577, 1.18773, 1.18552, 0.21332, 0.21243, 0.17960, 0.17919
0.74230, 1.19105, 1.18874, 0.21232, 0.21140, 0.17826, 0.17784
0.74882, 1.19286, 1.19045, 0.21299, 0.21203, 0.17856, 0.17811
0.75535, 1.20002, 1.19750, 0.21502, 0.21401, 0.17918, 0.17871
0.76187, 1.19746, 1.19484, 0.21522, 0.21417, 0.17973, 0.17924
0.76840, 1.20270, 1.19997, 0.21480, 0.21371, 0.17860, 0.17810
0.77492, 1.20489, 1.20205, 0.21629, 0.21515, 0.17951, 0.17898
0.78145, 1.20929, 1.20632, 0.21466, 0.21349, 0.17751, 0.17697
0.78798, 1.21153, 1.20845, 0.21484, 0.21362, 0.17733, 0.17677
0.79451, 1.21008, 1.20689, 0.21289, 0.21164, 0.17593, 0.17536
0.80104, 1.21451, 1.21118, 0.21330, 0.21199, 0.17563, 0.17503
0.80756, 1.21525, 1.21180, 0.21335, 0.21199, 0.17556, 0.17494
0.81409, 1.21736, 1.21377, 0.21475, 0.21333, 0.17640, 0.17576
0.82062, 1.22042, 1.21669, 0.21398, 0.21251, 0.17533, 0.17466
0.82715, 1.22206, 1.21819, 0.21340, 0.21189, 0.17462, 0.17393
0.83368, 1.22035, 1.21634, 0.21259, 0.21102, 0.17420, 0.17349
0.84022, 1.22366, 1.21950, 0.21334, 0.21172, 0.17435, 0.17361
0.84675, 1.22883, 1.22450, 0.21124, 0.20957, 0.17190, 0.17115
0.85328, 1.22659, 1.22213, 0.20914, 0.20744, 0.17050, 0.16973
0.85981, 1.23192, 1.22728, 0.21117, 0.20939, 0.17141, 0.17061
0.86634, 1.23024, 1.22544, 0.21190, 0.21005, 0.17224, 0.17141
0.87288, 1.23327, 1.22830, 0.20959, 0.20770, 0.16994, 0.16909
0.87941, 1.23655, 1.23140, 0.20689, 0.20496, 0.16731, 0.16644
0.88595, 1.23768, 1.23235, 0.20764, 0.20564, 0.16777, 0.16687
0.89248, 1.23765, 1.23214, 0.20950, 0.20741, 0.16927, 0.16833
0.89902, 1.24348, 1.23776, 0.20630, 0.20417, 0.16590, 0.16495
0.90555, 1.24537, 1.23946, 0.20500, 0.20283, 0.16461, 0.16364
0.91209, 1.24311, 1.23702, 0.20409, 0.20185, 0.16417, 0.16317
0.91862, 1.24635, 1.24005, 0.20533, 0.20300, 0.16474, 0.16371
0.92516, 1.24672, 1.24022, 0.20333, 0.20096, 0.16309, 0.16204
0.93170, 1.24977, 1.24305, 0.20252, 0.20008, 0.16204, 0.16096
0.93824, 1.25270, 1.24574, 0.20262, 0.20011, 0.16175, 0.16063
0.94477, 1.25477, 1.24759, 0.20293, 0.20033, 0.16173, 0.16057
0.95131, 1.25346, 1.24607, 0.20367, 0.20098, 0.16248, 0.16129
0.95785, 1.25375, 1.24613, 0.20256, 0.19981, 0.16156, 0.16034
0.96439, 1.25679, 1.24892, 0.20333, 0.20048, 0.16178, 0.16052
0.97093, 1.25462, 1.24652, 0.20100, 0.19810, 0.16021, 0.15892
0.97747, 1.25584, 1.24750, 0.20012, 0.19714, 0.15935, 0.15803
0.98401, 1.25951, 1.25089, 0.19678, 0.19377, 0.15623, 0.15490
0.99055, 1.25976, 1.25089, 0.19767, 0.19456, 0.15691, 0.15554
0.99710, 1.26023, 1.25110, 0.19775, 0.19454, 0.15691, 0.15550
1.00364, 1.25815, 1.24877, 0.19650, 0.19322, 0.15618, 0.15473
1.01018, 1.25997, 1.25031, 0.19513, 0.19178, 0.15486, 0.15338
1.04720, 1.26068, 1.26068, 0.19417, 0.19417, 0.15402, 0.15402
1.05375, 1.25935, 1.25935, 0.19440, 0.19440, 0.15437, 0.15437
1.06030, 1.26838, 1.26838, 0.19421, 0.19421, 0.15311, 0.15311
1.06685, 1.27453, 1.27453, 0.19423, 0.19423, 0.15239, 0.15239
1.07341, 1.27683, 1.27683, 0.19500, 0.19500, 0.15272, 0.15272
1.07996, 1.28084, 1.28084, 0.19405, 0.19405, 0.15150, 0.15150
1.08651, 1.28119, 1.28119, 0.19512, 0.19512, 0.15229, 0.15229
1.09307, 1.28273, 1.28273, 0.19578, 0.19578, 0.15263, 0.15263
1.09962, 1.28106, 1.28106, 0.19708, 0.19708, 0.15384, 0.15384
1.10617, 1.28445, 1.28445, 0.19807, 0.19807, 0.15421, 0.15421
1.11273, 1.28815, 1.28815, 0.19850, 0.19850, 0.15410, 0.15410
1.11928, 1.28829, 1.28829, 0.19899, 0.19899, 0.15446, 0.15446
1.12584, 1.28740, 1.28740, 0.19954, 0.19954, 0.15500, 0.15500
1.13239, 1.28911, 1.28911, 0.19988, 0.19988, 0.15505, 0.15505
1.13895, 1.28890, 1.28890, 0.19984, 0.19984, 0.15504, 0.15504
1.14551, 1.29025, 1.29025, 0.19988, 0.19988, 0.15492, 0.15492
1.15206, 1.29470, 1.29470, 0.20071, 0.20071, 0.15502, 0.15502
1.15862, 1.29680, 1.29680, 0.20045, 0.20045, 0.15457, 0.15457
1.16518, 1.30257, 1.30257, 0.20102, 0.20102, 0.15432, 0.15432
1.17173, 1.30316, 1.30316, 0.20083, 0.20083, 0.15411, 0.15411
1.17829, 1.30630, 1.30630, 0.20069, 0.20069, 0.15363, 0.15363
1.18485, 1.30486, 1.30486, 0.20210, 0.20210, 0.15488, 0.15488
1.19141, 1.31168, 1.31168, 0.20362, 0.20362, 0.15523, 0.15523
1.19797, 1.31128, 1.31128, 0.20265, 0.20265, 0.15454, 0.15454
1.20453, 1.31358, 1.31358, 0.20114, 0.20114, 0.15312, 0.15312
1.21109, 1.31983, 1.31983, 0.20219, 0.20219, 0.15319, 0.15319
1.21765, 1.31886, 1.31886, 0.20184, 0.20184, 0.15304, 0.15304
1.22421, 1.31935, 1.31935, 0.20220, 0.20220, 0.15326, 0.15326
1.23077, 1.32102, 1.32102, 0.20385, 0.20385, 0.15431, 0.15431
1.23733, 1.31896, 1.31896, 0.20375, 0.20375, 0.15448, 0.15448
1.24389, 1.32543, 1.32543, 0.20445, 0.20445, 0.15425, 0.15425
1.25045, 1.32717, 1.32717, 0.20532, 0.20532, 0.15471, 0.15471
1.25701, 1.32832, 1.32832, 0.20409, 0.20409, 0.15365, 0.15365
1.26357, 1.32864, 1.32864, 0.20521, 0.20521, 0.15445, 0.15445
1.27014, 1.33196, 1.33196, 0.20679, 0.20679, 0.15525, 0.15525
1.27670, 1.33262, 1.33262, 0.20639, 0.20639, 0.15487, 0.15487
1.28326, 1.33456, 1.33456, 0.20571, 0.20571, 0.15414, 0.15414
1.28983, 1.33632, 1.33632, 0.20627, 0.20627, 0.15436, 0.15436
1.29639, 1.33701, 1.33701, 0.20694, 0.20694, 0.15478, 0.15478
1.30295, 1.33803, 1.33803, 0.20715, 0.20715, 0.15481, 0.15481
1.30952, 1.33755, 1.33755, 0.20548, 0.20548, 0.15362, 0.15362
1.31608, 1.33879, 1.33879, 0.20600, 0.20600, 0.15387, 0.15387
1.32265, 1.33853, 1.33853, 0.20801, 0.20801, 0.15540, 0.15540
1.32921, 1.33391, 1.33391, 0.20677, 0.20677, 0.15501, 0.15501
1.33578, 1.33863, 1.33863, 0.20692, 0.20692, 0.15458, 0.15458
1.34234, 1.33765, 1.33765, 0.20767, 0.20767, 0.15525, 0.15525
1.34891, 1.33831, 1.33831, 0.20832, 0.20832, 0.15566, 0.15566
1.35548, 1.33315, 1.33315, 0.20839, 0.20839, 0.15632, 0.15632
1.36205, 1.33233, 1.33233, 0.20840, 0.20840, 0.15641, 0.15641
1.36861, 1.33134, 1.33134, 0.20684, 0.20684, 0.15536, 0.15536
1.37518, 1.32201, 1.32201, 0.20601, 0.20601, 0.15583, 0.15583
1.38175, 1.30846, 1.30846, 0.20456, 0.20456, 0.15634, 0.15634
1.38832, 1.28773, 1.28773, 0.20021, 0.20021, 0.15547, 0.15547
1.39489, 1.27610, 1.27610, 0.19908, 0.19908, 0.15601, 0.15601
1.40145, 1.27417, 1.27417, 0.19931, 0.19931, 0.15642, 0.15642
1.40802, 1.27850, 1.27850, 0.20086, 0.20086, 0.15710, 0.15710
1.41459, 1.26590, 1.26590, 0.19907, 0.19907, 0.15726, 0.15726
1.42116, 1.29621, 1.29621, 0.20374, 0.20374, 0.15718, 0.15718
1.42773, 1.31514, 1.31514, 0.20553, 0.20553, 0.15628, 0.15628
1.43431, 1.33152, 1.33152, 0.20761, 0.20761, 0.15592, 0.15592
1.44088, 1.34725, 1.34725, 0.20865, 0.20865, 0.15487, 0.15487
1.44745, 1.34894, 1.34894, 0.21020, 0.21020, 0.15583, 0.15583
1.45402, 1.35655, 1.35655, 0.21089, 0.21089, 0.15546, 0.15546
1.46059, 1.36261, 1.36261, 0.21218, 0.21218, 0.15572, 0.15572
1.46716, 1.36741, 1.36741, 0.21212, 0.21212, 0.15513, 0.15513
1.47374, 1.36722, 1.36722, 0.21097, 0.21097, 0.15430, 0.15430
1.48031, 1.37301, 1.37301, 0.21056, 0.21056, 0.15336, 0.15336
1.48688, 1.37711, 1.37711, 0.20887, 0.20887, 0.15167, 0.15167
1.49346, 1.38200, 1.38200, 0.21152, 0.21152, 0.15306, 0.15306
1.50003, 1.38328, 1.38328, 0.21111, 0.21111, 0.15261, 0.15261
1.50661, 1.38573, 1.38573, 0.20979, 0.20979, 0.15139, 0.15139
1.51318, 1.38709, 1.38709, 0.21226, 0.21226, 0.15303, 0.15303
1.51976, 1.39144, 1.39144, 0.21219, 0.21219, 0.15249, 0.15249
1.52633, 1.38967, 1.38967, 0.21258, 0.21258, 0.15297, 0.15297
1.53291, 1.39680, 1.39680, 0.21265, 0.21265, 0.15224, 0.15224
1.53948, 1.39683, 1.39683, 0.21251, 0.21251, 0.15213, 0.15213
1.54606, 1.39589, 1.39589, 0.21459, 0.21459, 0.15373, 0.15373
1.55264, 1.39552, 1.39552, 0.21450, 0.21450, 0.15370, 0.15370
1.55921, 1.39966, 1.39966, 0.21408, 0.21408, 0.15295, 0.15295
1.56579, 1.39380, 1.39380, 0.21335, 0.21335, 0.15307, 0.15307
1.57237, 1.40090, 1.40090, 0.21265, 0.21265, 0.15180, 0.15180
1.57895, 1.39987, 1.39987, 0.21338, 0.21338, 0.15243, 0.15243
1.58552, 1.40533, 1.40533, 0.21522, 0.21522, 0.15315, 0.15315
1.59210, 1.40140, 1.40140, 0.21298, 0.21298, 0.15198, 0.15198
1.59868, 1.40661, 1.40661, 0.21411, 0.21411, 0.15221, 0.15221
1.60526, 1.40650, 1.40650, 0.21374, 0.21374, 0.15197, 0.15197
1.61184, 1.40563, 1.40563, 0.21413, 0.21413, 0.15233, 0.15233
1.61842, 1.40875, 1.40875, 0.21449, 0.21449, 0.15226, 0.15226
1.62500, 1.40652, 1.40652, 0.21445, 0.21445, 0.15247, 0.15247
1.63158, 1.40699, 1.40699, 0.21643, 0.21643, 0.15382, 0.15382
1.63816, 1.40782, 1.40782, 0.21472, 0.21472, 0.15252, 0.15252
1.64474, 1.41457, 1.41457, 0.21497, 0.21497, 0.15197, 0.15197
1.67107, 1.41245, 1.41245, 0.21431, 0.21431, 0.15172, 0.15172
1.67766, 1.41441, 1.41441, 0.21384, 0.21384, 0.15119, 0.15119
1.68424, 1.41278, 1.41278, 0.21288, 0.21288, 0.15068, 0.15068
1.69082, 1.41328, 1.41328, 0.21372, 0.21372, 0.15122, 0.15122
1.69741, 1.41742, 1.41742, 0.21463, 0.21463, 0.15142, 0.15142
1.70399, 1.41421, 1.41421, 0.21471, 0.21471, 0.15182, 0.15182
1.71058, 1.41408, 1.41408, 0.21400, 0.21400, 0.15133, 0.15133
1.71716, 1.41256, 1.41256, 0.21347, 0.21347, 0.15112, 0.15112
1.72375, 1.41411, 1.41411, 0.21399, 0.21399, 0.15132, 0.15132
1.73033, 1.41035, 1.41035, 0.21351, 0.21351, 0.15138, 0.15138
1.73692, 1.41288, 1.41288, 0.21302, 0.21302, 0.15077, 0.15077
1.74351, 1.41030, 1.41030, 0.21273, 0.21273, 0.15084, 0.15084
1.75009, 1.41387, 1.41387, 0.21287, 0.21287, 0.15056, 0.15056
1.75668, 1.41368, 1.41368, 0.21274, 0.21274, 0.15049, 0.15049
1.76327, 1.41058, 1.41058, 0.21189, 0.21189, 0.15022, 0.15022
1.76985, 1.41173, 1.41173, 0.21211, 0.21211, 0.15024, 0.15024
1.77644, 1.41192, 1.41192, 0.21157, 0.21157, 0.14984, 0.14984
1.78303, 1.40804, 1.40804, 0.21071, 0.21071, 0.14965, 0.14965
1.78962, 1.40715, 1.40715, 0.21075, 0.21075, 0.14977, 0.14977
1.79621, 1.40392, 1.40392, 0.21000, 0.21000, 0.14958, 0.14958
1.80280, 1.40253, 1.40253, 0.20986, 0.20986, 0.14963, 0.14963
1.80939, 1.40375, 1.40375, 0.20963, 0.20963, 0.14933, 0.14933
1.81598, 1.40312, 1.40312, 0.20930, 0.20930, 0.14916, 0.14916
1.82257, 1.40423, 1.40423, 0.20921, 0.20921, 0.14899, 0.14899
1.82916, 1.40667, 1.40667, 0.20938, 0.20938, 0.14885, 0.14885
1.83575, 1.40653, 1.40653, 0.20944, 0.20944, 0.14890, 0.14890
1.84234, 1.40696, 1.40696, 0.20928, 0.20928, 0.14875, 0.14875
1.84893, 1.40640, 1.40640, 0.20927, 0.20927, 0.14880, 0.14880
1.85552, 1.40876, 1.40876, 0.20898, 0.20898, 0.14834, 0.14834
1.86212, 1.40641, 1.40641, 0.20871, 0.20871, 0.14840, 0.14840
1.86871, 1.40901, 1.40901, 0.20860, 0.20860, 0.14804, 0.14804
1.87530, 1.40422, 1.40422, 0.20784, 0.20784, 0.14801, 0.14801
1.88190, 1.39482, 1.39482, 0.20643, 0.20643, 0.14800, 0.14800
1.88849, 1.38901, 1.38901, 0.20501, 0.20501, 0.14759, 0.14759
1.89508, 1.37942, 1.37942, 0.20288, 0.20288, 0.14708, 0.14708
1.90168, 1.36657, 1.36657, 0.20066, 0.20066, 0.14683, 0.14683
1.90827, 1.34922, 1.34922, 0.19797, 0.19797, 0.14673, 0.14673
1.91487, 1.34091, 1.34091, 0.19628, 0.19628, 0.14638, 0.14638
1.92146, 1.33575, 1.33575, 0.19552, 0.19552, 0.14637, 0.14637
1.92806, 1.33959, 1.33959, 0.19542, 0.19542, 0.14588, 0.14588
1.93465, 1.34210, 1.34210, 0.19513, 0.19513, 0.14539, 0.14539
1.94125, 1.35061, 1.35061, 0.19529, 0.19529, 0.14459, 0.14459
1.94785, 1.35945, 1.35945, 0.19566, 0.19566, 0.14392, 0.14392
1.95444, 1.36542, 1.36542, 0.19527, 0.19527, 0.14301, 0.14301
1.96104, 1.36374, 1.36374, 0.19585, 0.19585, 0.14361, 0.14361
1.96764, 1.37361, 1.37361, 0.19674, 0.19674, 0.14323, 0.14323
1.97424, 1.38107, 1.38107, 0.19682, 0.19682, 0.14251, 0.14251
1.98084, 1.38494, 1.38494, 0.19673, 0.19673, 0.14205, 0.14205
1.98743, 1.38605, 1.38605, 0.19648, 0.19648, 0.14176, 0.14176
1.99403, 1.39287, 1.39287, 0.19575, 0.19575, 0.14054, 0.14054
2.00063, 1.39027, 1.39027, 0.19379, 0.19379, 0.13939, 0.13939
2.00723, 1.38432, 1.38432, 0.19652, 0.19652, 0.14196, 0.14196
2.01383, 1.38720, 1.38720, 0.19746, 0.19746, 0.14235, 0.14235
2.02043, 1.39844, 1.39844, 0.19797, 0.19797, 0.14157, 0.14157
2.02703, 1.39075, 1.39075, 0.19652, 0.19652, 0.14130, 0.14130
2.03363, 1.40246, 1.40246, 0.19689, 0.19689, 0.14039, 0.14039
2.04024, 1.39884, 1.39884, 0.19675, 0.19675, 0.14065, 0.14065
2.04684, 1.39731, 1.39731, 0.19573, 0.19573, 0.14007, 0.14007
2.05344, 1.39551, 1.39551, 0.19569, 0.19569, 0.14023, 0.14023
2.06004, 1.39170, 1.39170, 0.19546, 0.19546, 0.14045, 0.14045
2.06664, 1.39015, 1.39015, 0.19557, 0.19557, 0.14068, 0.14068
2.07325, 1.38757, 1.38757, 0.19532, 0.19532, 0.14076, 0.14076
2.07985, 1.38046, 1.38046, 0.19484, 0.19484, 0.14114, 0.14114
2.08645, 1.37402, 1.37402, 0.19433, 0.19433, 0.14143, 0.14143
2.09306, 1.37353, 1.37353, 0.19382, 0.19382, 0.14111, 0.14111
2.09966, 1.37014, 1.37014, 0.19372, 0.19372, 0.14139, 0.14139
2.10627, 1.36225, 1.36225, 0.19327, 0.19327, 0.14188, 0.14188
2.11287, 1.35664, 1.35664, 0.19255, 0.19255, 0.14193, 0.14193
2.11948, 1.35112, 1.35112, 0.19175, 0.19175, 0.14192, 0.14192
2.12608, 1.34688, 1.34688, 0.19123, 0.19123, 0.14198, 0.14198
2.13269, 1.33501, 1.33501, 0.18981, 0.18981, 0.14218, 0.14218
2.13930, 1.32471, 1.32471, 0.18820, 0.18820, 0.14207, 0.14207
2.14590, 1.30316, 1.30316, 0.18491, 0.18491, 0.14189, 0.14189
2.15251, 1.28766, 1.28766, 0.18293, 0.18293, 0.14206, 0.14206
2.15912, 1.26734, 1.26734, 0.17979, 0.17979, 0.14186, 0.14186
2.16572, 1.25896, 1.25896, 0.17904, 0.17904, 0.14221, 0.14221
2.17233, 1.25520, 1.25520, 0.17837, 0.17837, 0.14210, 0.14210
2.17894, 1.25073, 1.25073, 0.17800, 0.17800, 0.14232, 0.14232
2.18555, 1.24533, 1.24533, 0.17677, 0.17677, 0.14195, 0.14195
2.19216, 1.23526, 1.23526, 0.17576, 0.17576, 0.14229, 0.14229
2.19877, 1.22443, 1.22443, 0.17419, 0.17419, 0.14226, 0.14226
2.20538, 1.21870, 1.21870, 0.17305, 0.17305, 0.14200, 0.14200
2.21199, 1.22629, 1.22629, 0.17401, 0.17401, 0.14190, 0.14190
2.21860, 1.25612, 1.25612, 0.17813, 0.17813, 0.14181, 0.14181
2.22521, 1.27601, 1.27601, 0.18104, 0.18104, 0.14188, 0.14188
2.23182, 1.28464, 1.28464, 0.18206, 0.18206, 0.14172, 0.14172
2.23843, 1.29203, 1.29203, 0.18230, 0.18230, 0.14109, 0.14109
2.24504, 1.29548, 1.29548, 0.18299, 0.18299, 0.14126, 0.14126
2.25165, 1.29619, 1.29619, 0.18301, 0.18301, 0.14119, 0.14119
2.25827, 1.30062, 1.30062, 0.18288, 0.18288, 0.14061, 0.14061
2.26488, 1.29424, 1.29424, 0.18201, 0.18201, 0.14063, 0.14063
2.27149, 1.29129, 1.29129, 0.18205, 0.18205, 0.14099, 0.14099
2.27810, 1.28538, 1.28538, 0.18115, 0.18115, 0.14093, 0.14093
2.28472, 1.28201, 1.28201, 0.18067, 0.18067, 0.14093, 0.14093
2.29133, 1.27778, 1.27778, 0.17992, 0.17992, 0.14080, 0.14080
2.29795, 1.27520, 1.27520, 0.17927, 0.17927, 0.14058, 0.14058
2.30456, 1.26899, 1.26899, 0.17833, 0.17833, 0.14053, 0.14053
2.31118, 1.26755, 1.26755, 0.17730, 0.17730, 0.13988, 0.13988
2.31779, 1.26370, 1.26370, 0.17674, 0.17674, 0.13986, 0.13986
2.32441, 1.25885, 1.25885, 0.17550, 0.17550, 0.13941, 0.13941
2.33102, 1.26188, 1.26188, 0.17538, 0.17538, 0.13898, 0.13898
2.33764, 1.25797, 1.25797, 0.17470, 0.17470, 0.13887, 0.13887
2.34426, 1.25538, 1.25538, 0.17486, 0.17486, 0.13929, 0.13929
2.35087, 1.25131, 1.25131, 0.17384, 0.17384, 0.13892, 0.13892
2.35749, 1.24832, 1.24832, 0.17301, 0.17301, 0.13859, 0.13859
2.36411, 1.25040, 1.25040, 0.17297, 0.17297, 0.13833, 0.13833
2.37072, 1.24904, 1.24904, 0.17299, 0.17299, 0.13850, 0.13850
2.37734, 1.23029, 1.23029, 0.17036, 0.17036, 0.13847, 0.13847
2.38396, 1.22452, 1.22452, 0.16904, 0.16904, 0.13804, 0.13804
2.39058, 1.22764, 1.22764, 0.16937, 0.16937, 0.13796, 0.13796
2.39720, 1.22943, 1.22943, 0.16980, 0.16980, 0.13811, 0.13811
2.40382, 1.23059, 1.23059, 0.17036, 0.17036, 0.13844, 0.13844
2.41044, 1.22910, 1.22910, 0.17067, 0.17067, 0.13886, 0.13886
2.41706, 1.22803, 1.22803, 0.17020, 0.17020, 0.13860, 0.13860
2.42368, 1.21609, 1.21609, 0.16906, 0.16906, 0.13902, 0.13902
2.43030, 1.21668, 1.21668, 0.16862, 0.16862, 0.13859, 0.13859
2.43692, 1.21214, 1.21214, 0.16828, 0.16828, 0.13883, 0.13883
2.44354, 1.21449, 1.21449, 0.16782, 0.16782, 0.13818, 0.13818
2.45017, 1.20602, 1.20602, 0.16695, 0.16695, 0.13843, 0.13843
2.45679, 1.20468, 1.20468, 0.16636, 0.16636, 0.13809, 0.13809
2.46341, 1.19984, 1.19984, 0.16580, 0.16580, 0.13818, 0.13818
2.47003, 1.20234, 1.20234, 0.16570, 0.16570, 0.13781, 0.13781
2.47666, 1.19553, 1.19553, 0.16427, 0.16427, 0.13740, 0.13740
2.48328, 1.19549, 1.19549, 0.16390, 0.16390, 0.13709, 0.13709
2.48990, 1.19138, 1.19138, 0.16364, 0.16364, 0.13735, 0.13735
2.49653, 1.18999, 1.18999, 0.16370, 0.16370, 0.13756, 0.13756
2.50312, 1.19087, 1.19087, 0.16335, 0.16335, 0.13717, 0.13717
2.50972, 1.18712, 1.18712, 0.16269, 0.16269, 0.13705, 0.13705
2.51632, 1.18462, 1.18462, 0.16218, 0.16218, 0.13690, 0.13690
2.52292, 1.18756, 1.18756, 0.16144, 0.16144, 0.13594, 0.13594
2.52951, 1.17837, 1.17837, 0.16092, 0.16092, 0.13656, 0.13656
2.53611, 1.18142, 1.18142, 0.16097, 0.16097, 0.13625, 0.13625
2.54271, 1.18180, 1.18180, 0.15995, 0.15995, 0.13534, 0.13534
2.54931, 1.17629, 1.17629, 0.15895, 0.15895, 0.13512, 0.13512
2.55591, 1.17968, 1.17968, 0.15826, 0.15826, 0.13416, 0.13416
2.56251, 1.17458, 1.17458, 0.15793, 0.15793, 0.13445, 0.13445
2.56911, 1.17165, 1.17165, 0.15708, 0.15708, 0.13407, 0.13407
2.57571, 1.17411, 1.17411, 0.15636, 0.15636, 0.13317, 0.13317
2.58231, 1.17705, 1.17705, 0.15684, 0.15684, 0.13325, 0.13325
2.58891, 1.17208, 1.17208, 0.15595, 0.15595, 0.13305, 0.13305
2.59551, 1.17630, 1.17630, 0.15636, 0.15636, 0.13293, 0.13293
2.60212, 1.16575, 1.16575, 0.15481, 0.15481, 0.13280, 0.13280
2.60872, 1.16921, 1.16921, 0.15494, 0.15494, 0.13251, 0.13251
2.61532, 1.16500, 1.16500, 0.15546, 0.15546, 0.13344, 0.13344
2.62192, 1.15934, 1.15934, 0.15448, 0.15448, 0.13324, 0.13324
2.62853, 1.15337, 1.15337, 0.15318, 0.15318, 0.13281, 0.13281
2.63513, 1.14760, 1.14760, 0.15145, 0.15145, 0.13197, 0.13197
2.64174, 1.14080, 1.14080, 0.14881, 0.14881, 0.13044, 0.13044
2.64834, 1.13084, 1.13084, 0.14661, 0.14661, 0.12965, 0.12965
2.65495, 1.13568, 1.13568, 0.14270, 0.14270, 0.12566, 0.12566
2.84004, 0.87680, 0.87680, 0.03730, 0.03730, 0.04255, 0.04255
2.84666, 0.87564, 0.87564, 0.03672, 0.03672, 0.04193, 0.04193
2.85328, 0.87560, 0.87560, 0.03664, 0.03664, 0.04184, 0.04184
2.85989, 0.87111, 0.87111, 0.03672, 0.03672, 0.04216, 0.04216
2.86651, 0.86454, 0.86454, 0.03662, 0.03662, 0.04236, 0.04236
2.87313, 0.85923, 0.85923, 0.03667, 0.03667, 0.04268, 0.04268
2.87975, 0.86232, 0.86232, 0.03691, 0.03691, 0.04280, 0.04280
2.88636, 0.86859, 0.86859, 0.03721, 0.03721, 0.04284, 0.04284
2.89298, 0.87865, 0.87865, 0.03715, 0.03715, 0.04229, 0.04229
2.89960, 0.87405, 0.87405, 0.03670, 0.03670, 0.04199, 0.04199
2.90622, 0.86626, 0.86626, 0.03601, 0.03601, 0.04157, 0.04157
2.91284, 0.85166, 0.85166, 0.03530, 0.03530, 0.04145, 0.04145
2.91946, 0.83036, 0.83036, 0.03443, 0.03443, 0.04147, 0.04147
2.92608, 0.81513, 0.81513, 0.03409, 0.03409, 0.04182, 0.04182
2.93270, 0.81758, 0.81758, 0.03425, 0.03425, 0.04190, 0.04190
2.93932, 0.82533, 0.82533, 0.03440, 0.03440, 0.04168, 0.04168
2.94595, 0.82924, 0.82924, 0.03452, 0.03452, 0.04162, 0.04162
2.95257, 0.82594, 0.82594, 0.03458, 0.03458, 0.04187, 0.04187
2.95919, 0.83240, 0.83240, 0.03450, 0.03450, 0.04144, 0.04144
2.96581, 0.83879, 0.83879, 0.03480, 0.03480, 0.04149, 0.04149
2.97244, 0.83617, 0.83617, 0.03491, 0.03491, 0.04176, 0.04176
2.97906, 0.82160, 0.82160, 0.03482, 0.03482, 0.04238, 0.04238
2.98568, 0.81143, 0.81143, 0.03488, 0.03488, 0.04299, 0.04299
2.99231, 0.80727, 0.80727, 0.03533, 0.03533, 0.04376, 0.04376
2.99893, 0.81258, 0.81258, 0.03604, 0.03604, 0.04436, 0.04436
3.00556, 0.81554, 0.81554, 0.03652, 0.03652, 0.04478, 0.04478
3.01218, 0.83300, 0.83300, 0.03717, 0.03717, 0.04462, 0.04462
3.01881, 0.84719, 0.84719, 0.03797, 0.03797, 0.04482, 0.04482
3.02544, 0.85145, 0.85145, 0.03887, 0.03887, 0.04565, 0.04565
3.03206, 0.84954, 0.84954, 0.03934, 0.03934, 0.04631, 0.04631
3.03869, 0.85042, 0.85042, 0.03970, 0.03970, 0.04669, 0.04669
3.04532, 0.84530, 0.84530, 0.03999, 0.03999, 0.04731, 0.04731
3.05195, 0.84321, 0.84321, 0.04004, 0.04004, 0.04748, 0.04748
3.05857, 0.84610, 0.84610, 0.04041, 0.04041, 0.04776, 0.04776
3.06520, 0.85219, 0.85219, 0.04081, 0.04081, 0.04789, 0.04789
3.07183, 0.85722, 0.85722, 0.04126, 0.04126, 0.04813, 0.04813
3.07846, 0.85762, 0.85762, 0.04158, 0.04158, 0.04849, 0.04849
3.08509, 0.85705, 0.85705, 0.04179, 0.04179, 0.04876, 0.04876
3.09172, 0.87049, 0.87049, 0.04254, 0.04254, 0.04888, 0.04888
3.09835, 0.88170, 0.88170, 0.04330, 0.04330, 0.04911, 0.04911
3.10498, 0.87236, 0.87236, 0.04306, 0.04306, 0.04936, 0.04936
3.11161, 0.85075, 0.85075, 0.04224, 0.04224, 0.04965, 0.04965
3.11825, 0.83959, 0.83959, 0.04184, 0.04184, 0.04984, 0.04984
3.12488, 0.84062, 0.84062, 0.04187, 0.04187, 0.04981, 0.04981
3.13151, 0.84226, 0.84226, 0.04187, 0.04187, 0.04971, 0.04971
3.13814, 0.84761, 0.84761, 0.04173, 0.04173, 0.04924, 0.04924
3.14478, 0.85256, 0.85256, 0.04181, 0.04181, 0.04904, 0.04904
3.15141, 0.85580, 0.85580, 0.04242, 0.04242, 0.04956, 0.04956
3.15804, 0.86162, 0.86162, 0.04337, 0.04337, 0.05033, 0.05033
3.16468, 0.87216, 0.87216, 0.04440, 0.04440, 0.05091, 0.05091
3.17131, 0.88216, 0.88216, 0.04539, 0.04539, 0.05145, 0.05145
3.17795, 0.88368, 0.88368, 0.04651, 0.04651, 0.05263, 0.05263
3.18458, 0.88155, 0.88155, 0.04764, 0.04764, 0.05404, 0.05404
3.19122, 0.88018, 0.88018, 0.04858, 0.04858, 0.05519, 0.05519
3.19785, 0.87971, 0.87971, 0.04956, 0.04956, 0.05634, 0.05634
3.20449, 0.88090, 0.88090, 0.05049, 0.05049, 0.05731, 0.05731
3.21113, 0.88183, 0.88183, 0.05103, 0.05103, 0.05787, 0.05787
3.21776, 0.88523, 0.88523, 0.05180, 0.05180, 0.05851, 0.05851
3.22440, 0.89487, 0.89487, 0.05327, 0.05327, 0.05953, 0.05953
3.23104, 0.90550, 0.90550, 0.05455, 0.05455, 0.06025, 0.06025
3.23768, 0.91045, 0.91045, 0.05556, 0.05556, 0.06102, 0.06102
3.24432, 0.90951, 0.90951, 0.05673, 0.05673, 0.06237, 0.06237
3.25096, 0.90807, 0.90807, 0.05754, 0.05754, 0.06336, 0.06336
3.25760, 0.90736, 0.90736, 0.05812, 0.05812, 0.06406, 0.06406
3.26424, 0.90343, 0.90343, 0.05852, 0.05852, 0.06478, 0.06478
3.27088, 0.89928, 0.89928, 0.05938, 0.05938, 0.06604, 0.06604
3.27752, 0.90064, 0.90064, 0.06056, 0.06056, 0.06724, 0.06724
3.28416, 0.90631, 0.90631, 0.06237, 0.06237, 0.06882, 0.06882
3.29080, 0.91174, 0.91174, 0.06500, 0.06500, 0.07129, 0.07129
3.29744, 0.91403, 0.91403, 0.06716, 0.06716, 0.07348, 0.07348
3.30408, 0.91774, 0.91774, 0.06900, 0.06900, 0.07519, 0.07519
3.31073, 0.93270, 0.93270, 0.07155, 0.07155, 0.07671, 0.07671
3.31737, 0.94810, 0.94810, 0.07385, 0.07385, 0.07789, 0.07789
3.32401, 0.95607, 0.95607, 0.07577, 0.07577, 0.07925, 0.07925
3.33066, 0.95993, 0.95993, 0.07832, 0.07832, 0.08159, 0.08159
3.33730, 0.96459, 0.96459, 0.08112, 0.08112, 0.08410, 0.08410
3.34395, 0.96719, 0.96719, 0.08277, 0.08277, 0.08558, 0.08558
3.35059, 0.96595, 0.96595, 0.08430, 0.08430, 0.08727, 0.08727
3.35724, 0.95908, 0.95908, 0.08581, 0.08581, 0.08947, 0.08947
3.36388, 0.95637, 0.95637, 0.08750, 0.08750, 0.09149, 0.09149
3.37053, 0.95738, 0.95738, 0.08937, 0.08937, 0.09335, 0.09335
3.37717, 0.95694, 0.95694, 0.09145, 0.09145, 0.09557, 0.09557
3.38382, 0.95334, 0.95334, 0.09354, 0.09354, 0.09812, 0.09812
3.39047, 0.95426, 0.95426, 0.09517, 0.09517, 0.09973, 0.09973
3.39712, 0.96042, 0.96042, 0.09739, 0.09739, 0.10140, 0.10140
3.40376, 0.96621, 0.96621, 0.10018, 0.10018, 0.10368, 0.10368
3.41041, 0.96652, 0.96652, 0.10290, 0.10290, 0.10646, 0.10646
3.41706, 0.96741, 0.96741, 0.10444, 0.10444, 0.10796, 0.10796
3.42371, 0.96788, 0.96788, 0.10643, 0.10643, 0.10996, 0.10996
3.43036, 0.96873, 0.96873, 0.10906, 0.10906, 0.11258, 0.11258
3.43701, 0.97005, 0.97005, 0.11123, 0.11123, 0.11467, 0.11467
3.44366, 0.96964, 0.96964, 0.11241, 0.11241, 0.11593, 0.11593
3.45031, 0.96455, 0.96455, 0.11404, 0.11404, 0.11823, 0.11823
3.45696, 0.95945, 0.95945, 0.11640, 0.11640, 0.12132, 0.12132
3.46361, 0.96158, 0.96158, 0.11905, 0.11905, 0.12381, 0.12381
3.47026, 0.97406, 0.97406, 0.12244, 0.12244, 0.12570, 0.12570
3.47692, 0.98429, 0.98429, 0.12670, 0.12670, 0.12872, 0.12872
3.48357, 0.98654, 0.98654, 0.13004, 0.13004, 0.13182, 0.13182
3.49022, 0.98378, 0.98378, 0.13147, 0.13147, 0.13364, 0.13364
3.49687, 0.98242, 0.98242, 0.13400, 0.13400, 0.13640, 0.13640
3.50353, 0.98574, 0.98574, 0.13800, 0.13800, 0.13999, 0.13999
3.51018, 0.99105, 0.99105, 0.14146, 0.14146, 0.14274, 0.14274
3.51684, 0.99000, 0.99000, 0.14384, 0.14384, 0.14529, 0.14529
3.52349, 0.98713, 0.98713, 0.14720, 0.14720, 0.14912, 0.14912
3.53015, 0.98487, 0.98487, 0.15183, 0.15183, 0.15416, 0.15416
3.53680, 0.98269, 0.98269, 0.15484, 0.15484, 0.15757, 0.15757
3.54346, 0.98503, 0.98503, 0.15654, 0.15654, 0.15892, 0.15892
3.55011, 0.98708, 0.98708, 0.16051, 0.16051, 0.16261, 0.16261
3.55677, 0.98673, 0.98673, 0.16598, 0.16598, 0.16821, 0.16821
3.56343, 0.98981, 0.98981, 0.16916, 0.16916, 0.17090, 0.17090
3.57008, 0.99429, 0.99429, 0.17062, 0.17062, 0.17160, 0.17160
3.57674, 0.99771, 0.99771, 0.17438, 0.17438, 0.17478, 0.17478
3.58340, 0.99733, 0.99733, 0.17932, 0.17932, 0.17980, 0.17980
3.59006, 0.99567, 0.99567, 0.18142, 0.18142, 0.18221, 0.18221
3.59672, 0.99423, 0.99423, 0.18165, 0.18165, 0.18270, 0.18270
3.60338, 0.99452, 0.99452, 0.18473, 0.18473, 0.18574, 0.18574
3.61004, 0.99502, 0.99502, 0.18866, 0.18866, 0.18960, 0.18960
3.61670, 0.99455, 0.99455, 0.19015, 0.19015, 0.19120, 0.19120
3.62336, 0.99230, 0.99230, 0.18972, 0.18972, 0.19119, 0.19119
3.63002, 0.98781, 0.98781, 0.19272, 0.19272, 0.19510, 0.19510
3.63668, 0.98588, 0.98588, 0.19832, 0.19832, 0.20116, 0.20116
3.64334, 0.98858, 0.98858, 0.20044, 0.20044, 0.20275, 0.20275
3.65000, 0.99108, 0.99108, 0.20006, 0.20006, 0.20186, 0.20186
3.65667, 0.98874, 0.98874, 0.20194, 0.20194, 0.20424, 0.20424
3.66333, 0.98645, 0.98645, 0.20640, 0.20640, 0.20923, 0.20923
3.66999, 0.98346, 0.98346, 0.20782, 0.20782, 0.21131, 0.21131
3.67665, 0.98215, 0.98215, 0.20634, 0.20634, 0.21008, 0.21008
3.68332, 0.98179, 0.98179, 0.20785, 0.20785, 0.21170, 0.21170
3.68998, 0.98153, 0.98153, 0.21367, 0.21367, 0.21769, 0.21769
3.69665, 0.97430, 0.97430, 0.21550, 0.21550, 0.22118, 0.22118
3.70331, 0.97050, 0.97050, 0.21297, 0.21297, 0.21944, 0.21944
3.70998, 0.97020, 0.97020, 0.21269, 0.21269, 0.21922, 0.21922
3.71664, 0.96950, 0.96950, 0.21680, 0.21680, 0.22362, 0.22362
3.72331, 0.96494, 0.96494, 0.21998, 0.21998, 0.22797, 0.22797
3.72998, 0.96003, 0.96003, 0.21795, 0.21795, 0.22703, 0.22703
3.73664, 0.95474, 0.95474, 0.21616, 0.21616, 0.22640, 0.22640
3.74331, 0.95153, 0.95153, 0.21928, 0.21928, 0.23045, 0.23045
3.74998, 0.95108, 0.95108, 0.22395, 0.22395, 0.23547, 0.23547
3.75665, 0.95105, 0.95105, 0.22312, 0.22312, 0.23460, 0.23460
3.76331, 0.95185, 0.95185, 0.21998, 0.21998, 0.23111, 0.23111
3.76998, 0.94904, 0.94904, 0.22094, 0.22094, 0.23280, 0.23280
3.77665, 0.94554, 0.94554, 0.22641, 0.22641, 0.23945, 0.23945
3.78332, 0.94297, 0.94297, 0.22801, 0.22801, 0.24179, 0.24179
3.78999, 0.93986, 0.93986, 0.22517, 0.22517, 0.23957, 0.23957
3.79666, 0.94091, 0.94091, 0.22495, 0.22495, 0.23908, 0.23908
3.80333, 0.93442, 0.93442, 0.22826, 0.22826, 0.24428, 0.24428
3.81000, 0.92937, 0.92937, 0.23172, 0.23172, 0.24932, 0.24932
3.81667, 0.92839, 0.92839, 0.23043, 0.23043, 0.24821, 0.24821
3.82335, 0.92422, 0.92422, 0.22705, 0.22705, 0.24566, 0.24566
3.83002, 0.91831, 0.91831, 0.22779, 0.22779, 0.24805, 0.24805
3.83669, 0.91224, 0.91224, 0.23251, 0.23251, 0.25487, 0.25487
3.84336, 0.90510, 0.90510, 0.23318, 0.23318, 0.25763, 0.25763
3.85004, 0.89697, 0.89697, 0.22965, 0.22965, 0.25602, 0.25602
3.85671, 0.88863, 0.88863, 0.22670, 0.22670, 0.25511, 0.25511
3.86339, 0.88515, 0.88515, 0.22960, 0.22960, 0.25939, 0.25939
3.87006, 0.88284, 0.88284, 0.23460, 0.23460, 0.26573, 0.26573
3.87673, 0.87741, 0.87741, 0.23497, 0.23497, 0.26780, 0.26780
3.88341, 0.87317, 0.87317, 0.23273, 0.23273, 0.26653, 0.26653
3.89008, 0.86981, 0.86981, 0.23417, 0.23417, 0.26921, 0.26921
3.89676, 0.86716, 0.86716, 0.24060, 0.24060, 0.27746, 0.27746
