0.43613, 1.09870, 1.09870, 0.06288, 0.06288, 0.05723, 0.05723
0.44263, 1.10125, 1.10125, 0.06219, 0.06219, 0.05647, 0.05647
0.44914, 1.09753, 1.09753, 0.06293, 0.06293, 0.05734, 0.05734
0.45564, 1.10264, 1.10264, 0.06496, 0.06496, 0.05892, 0.05892
0.46215, 1.10101, 1.10101, 0.06481, 0.06481, 0.05886, 0.05886
0.46865, 1.10459, 1.10459, 0.06740, 0.06740, 0.06101, 0.06101
0.47516, 1.09991, 1.09991, 0.07021, 0.07021, 0.06383, 0.06383
0.48167, 1.09769, 1.09769, 0.07081, 0.07081, 0.06451, 0.06451
0.48817, 1.09572, 1.09572, 0.07410, 0.07410, 0.06762, 0.06762
0.49468, 1.09698, 1.09698, 0.07902, 0.07902, 0.07203, 0.07203
0.50119, 1.09567, 1.09567, 0.08094, 0.08094, 0.07387, 0.07387
0.50770, 1.09660, 1.09660, 0.08584, 0.08584, 0.07828, 0.07828
0.51421, 1.10060, 1.10060, 0.08479, 0.08479, 0.07704, 0.07704
0.52072, 1.10141, 1.10141, 0.09286, 0.09286, 0.08431, 0.08431
0.52723, 1.09982, 1.09982, 0.09717, 0.09717, 0.08835, 0.08835
0.53374, 1.10254, 1.10254, 0.10160, 0.10160, 0.09215, 0.09215
0.54025, 1.10297, 1.10297, 0.10365, 0.10365, 0.09397, 0.09397
0.54676, 1.10254, 1.10254, 0.10813, 0.10813, 0.09807, 0.09807
0.55327, 1.10251, 1.10251, 0.11318, 0.11318, 0.10266, 0.10266
0.55978, 1.10445, 1.10445, 0.12074, 0.12074, 0.10932, 0.10932
0.56629, 1.10004, 1.10004, 0.12640, 0.12640, 0.11490, 0.11490
0.57281, 1.10119, 1.10119, 0.13439, 0.13439, 0.12204, 0.12204
0.57932, 1.10132, 1.10132, 0.14003, 0.14003, 0.12715, 0.12715
0.58583, 1.10081, 1.10081, 0.14313, 0.14313, 0.13002, 0.13002
0.59235, 1.09845, 1.09845, 0.14877, 0.14877, 0.13544, 0.13544
0.59886, 1.09981, 1.09981, 0.15080, 0.15080, 0.13712, 0.13712
0.60538, 1.09807, 1.09807, 0.15211, 0.15211, 0.13852, 0.13852
0.61189, 1.09463, 1.09463, 0.15580, 0.15580, 0.14233, 0.14233
0.61841, 1.09544, 1.09544, 0.15980, 0.15980, 0.14588, 0.14588
0.62492, 1.09408, 1.09408, 0.16512, 0.16512, 0.15092, 0.15092
0.63144, 1.09649, 1.09649, 0.17053, 0.17053, 0.15552, 0.15552
0.70968, 1.10151, 1.10151, 0.17644, 0.17644, 0.16018, 0.16018
0.71620, 1.10003, 1.10003, 0.17889, 0.17889, 0.16262, 0.16262
0.72272, 1.10085, 1.10085, 0.17928, 0.17928, 0.16286, 0.16286
0.72925, 1.09945, 1.09971, 0.17893, 0.17749, 0.16275, 0.16140
0.73577, 1.10043, 1.10070, 0.17727, 0.17579, 0.16110, 0.15971
0.74230, 1.10120, 1.10149, 0.17643, 0.17489, 0.16021, 0.15878
0.74882, 1.10296, 1.10327, 0.17909, 0.17747, 0.16237, 0.16086
0.75535, 1.10255, 1.10286, 0.17965, 0.17796, 0.16294, 0.16136
0.76187, 1.10440, 1.10473, 0.17931, 0.17756, 0.16236, 0.16072
0.76840, 1.10291, 1.10325, 0.17779, 0.17598, 0.16120, 0.15951
0.77492, 1.10323, 1.10359, 0.17735, 0.17547, 0.16075, 0.15900
0.78145, 1.10370, 1.10407, 0.17575, 0.17382, 0.15924, 0.15743
0.78798, 1.10215, 1.10253, 0.17549, 0.17349, 0.15923, 0.15736
0.79451, 1.10558, 1.10598, 0.17399, 0.17193, 0.15737, 0.15545
0.80104, 1.10513, 1.10555, 0.17464, 0.17249, 0.15802, 0.15602
0.80756, 1.10649, 1.10691, 0.17603, 0.17379, 0.15909, 0.15700
0.81409, 1.10610, 1.10654, 0.17570, 0.17338, 0.15884, 0.15668
0.82062, 1.10548, 1.10594, 0.17395, 0.17157, 0.15735, 0.15513
0.82715, 1.10382, 1.10429, 0.17343, 0.17097, 0.15712, 0.15482
0.83368, 1.10482, 1.10531, 0.17224, 0.16970, 0.15589, 0.15353
0.84022, 1.10592, 1.10643, 0.17225, 0.16963, 0.15575, 0.15331
0.84675, 1.10570, 1.10623, 0.16814, 0.16549, 0.15207, 0.14960
0.85328, 1.10558, 1.10613, 0.16826, 0.16552, 0.15219, 0.14964
0.85981, 1.10575, 1.10632, 0.17402, 0.17108, 0.15737, 0.15464
0.86634, 1.10563, 1.10621, 0.17074, 0.16776, 0.15443, 0.15165
0.87288, 1.10529, 1.10590, 0.16900, 0.16596, 0.15290, 0.15006
0.87941, 1.10698, 1.10761, 0.16614, 0.16305, 0.15009, 0.14721
0.88595, 1.10485, 1.10550, 0.16796, 0.16472, 0.15202, 0.14900
0.89248, 1.10486, 1.10553, 0.16814, 0.16480, 0.15218, 0.14907
0.89902, 1.10246, 1.10314, 0.16348, 0.16013, 0.14829, 0.14515
0.90555, 1.10362, 1.10432, 0.16312, 0.15967, 0.14781, 0.14458
0.91209, 1.10311, 1.10384, 0.16305, 0.15948, 0.14781, 0.14448
0.91862, 1.10146, 1.10222, 0.16070, 0.15707, 0.14589, 0.14251
0.92516, 1.10011, 1.10088, 0.15992, 0.15620, 0.14537, 0.14188
0.93170, 1.10190, 1.10270, 0.15964, 0.15581, 0.14488, 0.14130
0.93824, 1.10117, 1.10200, 0.15920, 0.15526, 0.14457, 0.14089
0.94477, 1.09871, 1.09955, 0.16097, 0.15687, 0.14651, 0.14267
0.95131, 1.09851, 1.09938, 0.15945, 0.15526, 0.14515, 0.14122
0.95785, 1.09857, 1.09947, 0.15797, 0.15370, 0.14380, 0.13979
0.96439, 1.09814, 1.09907, 0.15675, 0.15238, 0.14274, 0.13865
0.97093, 1.09898, 1.09993, 0.15412, 0.14969, 0.14024, 0.13609
0.97747, 1.09592, 1.09690, 0.15221, 0.14771, 0.13889, 0.13466
0.98401, 1.09626, 1.09726, 0.14988, 0.14533, 0.13672, 0.13245
0.99055, 1.09430, 1.09534, 0.15105, 0.14632, 0.13803, 0.13359
0.99710, 1.09099, 1.09205, 0.14923, 0.14443, 0.13678, 0.13225
1.00364, 1.08866, 1.08975, 0.14598, 0.14115, 0.13409, 0.12952
1.01018, 1.08177, 1.08288, 0.14387, 0.13897, 0.13299, 0.12834
1.04720, 1.07584, 1.07584, 0.14298, 0.14298, 0.13290, 0.13290
1.05375, 1.07386, 1.07386, 0.14246, 0.14246, 0.13266, 0.13266
1.06030, 1.07019, 1.07019, 0.14285, 0.14285, 0.13348, 0.13348
1.06685, 1.06170, 1.06170, 0.14184, 0.14184, 0.13359, 0.13359
1.07341, 1.06258, 1.06258, 0.14146, 0.14146, 0.13313, 0.13313
1.07996, 1.06402, 1.06402, 0.14005, 0.14005, 0.13162, 0.13162
1.08651, 1.06573, 1.06573, 0.14025, 0.14025, 0.13160, 0.13160
1.09307, 1.06348, 1.06348, 0.14029, 0.14029, 0.13192, 0.13192
1.09962, 1.06820, 1.06820, 0.14189, 0.14189, 0.13283, 0.13283
1.10617, 1.06419, 1.06419, 0.14164, 0.14164, 0.13310, 0.13310
1.11273, 1.06572, 1.06572, 0.14114, 0.14114, 0.13244, 0.13244
1.11928, 1.06051, 1.06051, 0.14097, 0.14097, 0.13292, 0.13292
1.12584, 1.06369, 1.06369, 0.14056, 0.14056, 0.13214, 0.13214
1.13239, 1.06329, 1.06329, 0.14046, 0.14046, 0.13210, 0.13210
1.13895, 1.06373, 1.06373, 0.14010, 0.14010, 0.13171, 0.13171
1.14551, 1.06270, 1.06270, 0.14018, 0.14018, 0.13191, 0.13191
1.15206, 1.06095, 1.06095, 0.14019, 0.14019, 0.13214, 0.13214
1.15862, 1.05996, 1.05996, 0.13989, 0.13989, 0.13197, 0.13197
1.16518, 1.05808, 1.05808, 0.13954, 0.13954, 0.13188, 0.13188
1.17173, 1.05854, 1.05854, 0.13970, 0.13970, 0.13197, 0.13197
1.17829, 1.05764, 1.05764, 0.13903, 0.13903, 0.13145, 0.13145
1.18485, 1.05496, 1.05496, 0.13926, 0.13926, 0.13201, 0.13201
1.19141, 1.05452, 1.05452, 0.14013, 0.14013, 0.13288, 0.13288
1.19797, 1.05301, 1.05301, 0.13891, 0.13891, 0.13192, 0.13192
1.20453, 1.05368, 1.05368, 0.13794, 0.13794, 0.13092, 0.13092
1.21109, 1.05331, 1.05331, 0.13805, 0.13805, 0.13106, 0.13106
1.21765, 1.05150, 1.05150, 0.13741, 0.13741, 0.13068, 0.13068
1.22421, 1.05185, 1.05185, 0.13739, 0.13739, 0.13062, 0.13062
1.23077, 1.05255, 1.05255, 0.13831, 0.13831, 0.13140, 0.13140
1.23733, 1.05048, 1.05048, 0.13837, 0.13837, 0.13172, 0.13172
1.24389, 1.05258, 1.05258, 0.13849, 0.13849, 0.13157, 0.13157
1.25045, 1.05201, 1.05201, 0.13870, 0.13870, 0.13184, 0.13184
1.25701, 1.05052, 1.05052, 0.13728, 0.13728, 0.13068, 0.13068
1.26357, 1.04983, 1.04983, 0.13749, 0.13749, 0.13097, 0.13097
1.27014, 1.04891, 1.04891, 0.13882, 0.13882, 0.13235, 0.13235
1.27670, 1.04840, 1.04840, 0.13827, 0.13827, 0.13188, 0.13188
1.28326, 1.04371, 1.04371, 0.13758, 0.13758, 0.13182, 0.13182
1.28983, 1.04726, 1.04726, 0.13849, 0.13849, 0.13224, 0.13224
1.29639, 1.04556, 1.04556, 0.13846, 0.13846, 0.13243, 0.13243
1.30295, 1.05300, 1.05300, 0.13878, 0.13878, 0.13179, 0.13179
1.30952, 1.04554, 1.04554, 0.13780, 0.13780, 0.13179, 0.13179
1.31608, 1.04664, 1.04664, 0.13750, 0.13750, 0.13137, 0.13137
1.32265, 1.04647, 1.04647, 0.13879, 0.13879, 0.13262, 0.13262
1.32921, 1.04778, 1.04778, 0.13921, 0.13921, 0.13286, 0.13286
1.33578, 1.04630, 1.04630, 0.13936, 0.13936, 0.13319, 0.13319
1.34234, 1.04620, 1.04620, 0.13953, 0.13953, 0.13337, 0.13337
1.34891, 1.04614, 1.04614, 0.13984, 0.13984, 0.13368, 0.13368
1.35548, 1.04665, 1.04665, 0.14031, 0.14031, 0.13406, 0.13406
1.36205, 1.04673, 1.04673, 0.14044, 0.14044, 0.13417, 0.13417
1.36861, 1.04605, 1.04605, 0.13996, 0.13996, 0.13380, 0.13380
1.37518, 1.04502, 1.04502, 0.14015, 0.14015, 0.13411, 0.13411
1.38175, 1.04638, 1.04638, 0.14052, 0.14052, 0.13429, 0.13429
1.38832, 1.04699, 1.04699, 0.14018, 0.14018, 0.13389, 0.13389
1.39489, 1.04637, 1.04637, 0.14111, 0.14111, 0.13485, 0.13485
1.40145, 1.04781, 1.04781, 0.14146, 0.14146, 0.13500, 0.13500
1.40802, 1.04682, 1.04682, 0.14207, 0.14207, 0.13572, 0.13572
1.41459, 1.05021, 1.05021, 0.14297, 0.14297, 0.13613, 0.13613
1.42116, 1.05114, 1.05114, 0.14445, 0.14445, 0.13742, 0.13742
1.42773, 1.04984, 1.04984, 0.14370, 0.14370, 0.13688, 0.13688
1.43431, 1.05360, 1.05360, 0.14311, 0.14311, 0.13583, 0.13583
1.44088, 1.05306, 1.05306, 0.14133, 0.14133, 0.13421, 0.13421
1.44745, 1.05248, 1.05248, 0.14275, 0.14275, 0.13563, 0.13563
1.45402, 1.05131, 1.05131, 0.14414, 0.14414, 0.13710, 0.13710
1.46059, 1.05378, 1.05378, 0.14521, 0.14521, 0.13780, 0.13780
1.46716, 1.05354, 1.05354, 0.14532, 0.14532, 0.13794, 0.13794
1.47374, 1.05470, 1.05470, 0.14464, 0.14464, 0.13714, 0.13714
1.48031, 1.05539, 1.05539, 0.14479, 0.14479, 0.13719, 0.13719
1.48688, 1.05847, 1.05847, 0.14413, 0.14413, 0.13616, 0.13616
1.49346, 1.05889, 1.05889, 0.14607, 0.14607, 0.13794, 0.13794
1.50003, 1.05894, 1.05894, 0.14545, 0.14545, 0.13735, 0.13735
1.50661, 1.05895, 1.05895, 0.14489, 0.14489, 0.13683, 0.13683
1.51318, 1.06128, 1.06128, 0.14642, 0.14642, 0.13797, 0.13797
1.51976, 1.06306, 1.06306, 0.14662, 0.14662, 0.13792, 0.13792
1.52633, 1.06210, 1.06210, 0.14707, 0.14707, 0.13847, 0.13847
1.53291, 1.06508, 1.06508, 0.14704, 0.14704, 0.13805, 0.13805
1.53948, 1.06482, 1.06482, 0.14685, 0.14685, 0.13791, 0.13791
1.54606, 1.06591, 1.06591, 0.14848, 0.14848, 0.13930, 0.13930
1.55264, 1.06666, 1.06666, 0.14886, 0.14886, 0.13956, 0.13956
1.55921, 1.06765, 1.06765, 0.14887, 0.14887, 0.13944, 0.13944
1.56579, 1.06934, 1.06934, 0.14867, 0.14867, 0.13903, 0.13903
1.57237, 1.07114, 1.07114, 0.14714, 0.14714, 0.13737, 0.13737
1.57895, 1.07141, 1.07141, 0.14795, 0.14795, 0.13809, 0.13809
1.58552, 1.07222, 1.07222, 0.14919, 0.14919, 0.13914, 0.13914
1.59210, 1.07279, 1.07279, 0.14825, 0.14825, 0.13819, 0.13819
1.59868, 1.07791, 1.07791, 0.14882, 0.14882, 0.13806, 0.13806
1.60526, 1.07514, 1.07514, 0.14836, 0.14836, 0.13799, 0.13799
1.61184, 1.07823, 1.07823, 0.14844, 0.14844, 0.13767, 0.13767
1.61842, 1.07866, 1.07866, 0.14892, 0.14892, 0.13806, 0.13806
1.62500, 1.07643, 1.07643, 0.14953, 0.14953, 0.13891, 0.13891
1.63158, 1.07968, 1.07968, 0.15098, 0.15098, 0.13983, 0.13983
1.63816, 1.08234, 1.08234, 0.14989, 0.14989, 0.13848, 0.13848
1.64474, 1.08313, 1.08313, 0.14963, 0.14963, 0.13815, 0.13815
1.67107, 1.08023, 1.08023, 0.15072, 0.15072, 0.13953, 0.13953
1.67766, 1.08029, 1.08029, 0.15059, 0.15059, 0.13940, 0.13940
1.68424, 1.08012, 1.08012, 0.15037, 0.15037, 0.13922, 0.13922
1.69082, 1.08217, 1.08217, 0.15097, 0.15097, 0.13950, 0.13950
1.69741, 1.08616, 1.08616, 0.15086, 0.15086, 0.13889, 0.13889
1.70399, 1.08844, 1.08844, 0.15118, 0.15118, 0.13890, 0.13890
1.71058, 1.08855, 1.08855, 0.15137, 0.15137, 0.13905, 0.13905
1.71716, 1.08783, 1.08783, 0.15149, 0.15149, 0.13926, 0.13926
1.72375, 1.08896, 1.08896, 0.15142, 0.15142, 0.13905, 0.13905
1.73033, 1.09090, 1.09090, 0.15115, 0.15115, 0.13855, 0.13855
1.73692, 1.09116, 1.09116, 0.15113, 0.15113, 0.13850, 0.13850
1.74351, 1.09240, 1.09240, 0.15141, 0.15141, 0.13860, 0.13860
1.75009, 1.09402, 1.09402, 0.15168, 0.15168, 0.13865, 0.13865
1.75668, 1.09500, 1.09500, 0.15162, 0.15162, 0.13846, 0.13846
1.76327, 1.09487, 1.09487, 0.15163, 0.15163, 0.13849, 0.13849
1.76985, 1.09540, 1.09540, 0.15175, 0.15175, 0.13853, 0.13853
1.77644, 1.09535, 1.09535, 0.15155, 0.15155, 0.13835, 0.13835
1.78303, 1.09648, 1.09648, 0.15143, 0.15143, 0.13811, 0.13811
1.78962, 1.09907, 1.09907, 0.15186, 0.15186, 0.13817, 0.13817
1.79621, 1.09774, 1.09774, 0.15168, 0.15168, 0.13817, 0.13817
1.80280, 1.10037, 1.10037, 0.15199, 0.15199, 0.13813, 0.13813
1.80939, 1.09889, 1.09889, 0.15176, 0.15176, 0.13810, 0.13810
1.81598, 1.10218, 1.10218, 0.15205, 0.15205, 0.13796, 0.13796
1.82257, 1.10064, 1.10064, 0.15158, 0.15158, 0.13772, 0.13772
1.82916, 1.10136, 1.10136, 0.15177, 0.15177, 0.13780, 0.13780
1.83575, 1.10433, 1.10433, 0.15207, 0.15207, 0.13770, 0.13770
1.84234, 1.10447, 1.10447, 0.15192, 0.15192, 0.13755, 0.13755
1.84893, 1.10574, 1.10574, 0.15199, 0.15199, 0.13746, 0.13746
1.85552, 1.10527, 1.10527, 0.15193, 0.15193, 0.13746, 0.13746
1.86212, 1.10672, 1.10672, 0.15212, 0.15212, 0.13745, 0.13745
1.86871, 1.10796, 1.10796, 0.15255, 0.15255, 0.13768, 0.13768
1.87530, 1.11115, 1.11115, 0.15192, 0.15192, 0.13672, 0.13672
1.88190, 1.10960, 1.10960, 0.15146, 0.15146, 0.13650, 0.13650
1.88849, 1.10943, 1.10943, 0.15173, 0.15173, 0.13677, 0.13677
1.89508, 1.10916, 1.10916, 0.15182, 0.15182, 0.13688, 0.13688
1.90168, 1.11004, 1.11004, 0.15193, 0.15193, 0.13687, 0.13687
1.90827, 1.10726, 1.10726, 0.15189, 0.15189, 0.13717, 0.13717
1.91487, 1.10841, 1.10841, 0.15184, 0.15184, 0.13699, 0.13699
1.92146, 1.10748, 1.10748, 0.15193, 0.15193, 0.13718, 0.13718
1.92806, 1.10797, 1.10797, 0.15202, 0.15202, 0.13721, 0.13721
1.93465, 1.11111, 1.11111, 0.15206, 0.15206, 0.13685, 0.13685
1.94125, 1.11035, 1.11035, 0.15164, 0.15164, 0.13657, 0.13657
1.94785, 1.11159, 1.11159, 0.15140, 0.15140, 0.13620, 0.13620
1.95444, 1.11249, 1.11249, 0.15121, 0.15121, 0.13592, 0.13592
1.96104, 1.11234, 1.11234, 0.15075, 0.15075, 0.13552, 0.13552
1.96764, 1.11508, 1.11508, 0.14990, 0.14990, 0.13443, 0.13443
1.97424, 1.11182, 1.11182, 0.14967, 0.14967, 0.13462, 0.13462
1.98084, 1.11462, 1.11462, 0.14988, 0.14988, 0.13447, 0.13447
1.98743, 1.11619, 1.11619, 0.15016, 0.15016, 0.13453, 0.13453
1.99403, 1.11910, 1.11910, 0.15059, 0.15059, 0.13456, 0.13456
2.00063, 1.11596, 1.11596, 0.15019, 0.15019, 0.13458, 0.13458
2.00723, 1.11235, 1.11235, 0.14987, 0.14987, 0.13473, 0.13473
2.01383, 1.11003, 1.11003, 0.14900, 0.14900, 0.13423, 0.13423
2.02043, 1.12000, 1.12000, 0.14848, 0.14848, 0.13257, 0.13257
2.02703, 1.11832, 1.11832, 0.14876, 0.14876, 0.13302, 0.13302
2.03363, 1.12057, 1.12057, 0.14923, 0.14923, 0.13318, 0.13318
2.04024, 1.12156, 1.12156, 0.14923, 0.14923, 0.13306, 0.13306
2.04684, 1.11772, 1.11772, 0.14908, 0.14908, 0.13338, 0.13338
2.05344, 1.12159, 1.12159, 0.14907, 0.14907, 0.13291, 0.13291
2.06004, 1.12112, 1.12112, 0.14869, 0.14869, 0.13262, 0.13262
2.06664, 1.12129, 1.12129, 0.14819, 0.14819, 0.13216, 0.13216
2.07325, 1.12270, 1.12270, 0.14812, 0.14812, 0.13193, 0.13193
2.07985, 1.12248, 1.12248, 0.14808, 0.14808, 0.13193, 0.13193
2.08645, 1.12306, 1.12306, 0.14799, 0.14799, 0.13177, 0.13177
2.09306, 1.12170, 1.12170, 0.14794, 0.14794, 0.13189, 0.13189
2.09966, 1.12384, 1.12384, 0.14783, 0.14783, 0.13154, 0.13154
2.10627, 1.12240, 1.12240, 0.14773, 0.14773, 0.13162, 0.13162
2.11287, 1.12400, 1.12400, 0.14751, 0.14751, 0.13124, 0.13124
2.11948, 1.12346, 1.12346, 0.14767, 0.14767, 0.13144, 0.13144
2.12608, 1.12380, 1.12380, 0.14777, 0.14777, 0.13149, 0.13149
2.13269, 1.12432, 1.12432, 0.14746, 0.14746, 0.13115, 0.13115
2.13930, 1.12301, 1.12301, 0.14731, 0.14731, 0.13117, 0.13117
2.14590, 1.12530, 1.12530, 0.14739, 0.14739, 0.13098, 0.13098
2.15251, 1.12668, 1.12668, 0.14688, 0.14688, 0.13037, 0.13037
2.15912, 1.12583, 1.12583, 0.14705, 0.14705, 0.13061, 0.13061
2.16572, 1.12718, 1.12718, 0.14686, 0.14686, 0.13029, 0.13029
2.17233, 1.12669, 1.12669, 0.14682, 0.14682, 0.13031, 0.13031
2.17894, 1.12636, 1.12636, 0.14667, 0.14667, 0.13022, 0.13022
2.18555, 1.12649, 1.12649, 0.14663, 0.14663, 0.13016, 0.13016
2.19216, 1.12797, 1.12797, 0.14685, 0.14685, 0.13019, 0.13019
2.19877, 1.12723, 1.12723, 0.14637, 0.14637, 0.12985, 0.12985
2.20538, 1.12841, 1.12841, 0.14665, 0.14665, 0.12996, 0.12996
2.21199, 1.12667, 1.12667, 0.14621, 0.14621, 0.12977, 0.12977
2.21860, 1.12662, 1.12662, 0.14622, 0.14622, 0.12979, 0.12979
2.22521, 1.12696, 1.12696, 0.14637, 0.14637, 0.12988, 0.12988
2.23182, 1.12836, 1.12836, 0.14606, 0.14606, 0.12945, 0.12945
2.23843, 1.12581, 1.12581, 0.14550, 0.14550, 0.12924, 0.12924
2.24504, 1.12769, 1.12769, 0.14578, 0.14578, 0.12927, 0.12927
2.25165, 1.12782, 1.12782, 0.14532, 0.14532, 0.12885, 0.12885
2.25827, 1.12747, 1.12747, 0.14522, 0.14522, 0.12880, 0.12880
2.26488, 1.13110, 1.13110, 0.14544, 0.14544, 0.12858, 0.12858
2.27149, 1.12935, 1.12935, 0.14556, 0.14556, 0.12888, 0.12888
2.27810, 1.12948, 1.12948, 0.14528, 0.14528, 0.12862, 0.12862
2.28472, 1.12819, 1.12819, 0.14555, 0.14555, 0.12901, 0.12901
2.29133, 1.12858, 1.12858, 0.14549, 0.14549, 0.12891, 0.12891
2.29795, 1.12971, 1.12971, 0.14565, 0.14565, 0.12892, 0.12892
2.30456, 1.12828, 1.12828, 0.14508, 0.14508, 0.12858, 0.12858
2.31118, 1.12772, 1.12772, 0.14517, 0.14517, 0.12872, 0.12872
2.31779, 1.12876, 1.12876, 0.14448, 0.14448, 0.12800, 0.12800
2.32441, 1.12781, 1.12781, 0.14453, 0.14453, 0.12815, 0.12815
2.33102, 1.12962, 1.12962, 0.14471, 0.14471, 0.12811, 0.12811
2.33764, 1.12973, 1.12973, 0.14465, 0.14465, 0.12804, 0.12804
2.34426, 1.12819, 1.12819, 0.14484, 0.14484, 0.12839, 0.12839
2.35087, 1.12958, 1.12958, 0.14464, 0.14464, 0.12805, 0.12805
2.35749, 1.12923, 1.12923, 0.14484, 0.14484, 0.12827, 0.12827
2.36411, 1.12749, 1.12749, 0.14436, 0.14436, 0.12804, 0.12804
2.37072, 1.12804, 1.12804, 0.14480, 0.14480, 0.12837, 0.12837
2.37734, 1.12622, 1.12622, 0.14421, 0.14421, 0.12805, 0.12805
2.38396, 1.12943, 1.12943, 0.14399, 0.14399, 0.12749, 0.12749
2.39058, 1.12845, 1.12845, 0.14404, 0.14404, 0.12764, 0.12764
2.39720, 1.12793, 1.12793, 0.14427, 0.14427, 0.12791, 0.12791
2.40382, 1.12867, 1.12867, 0.14435, 0.14435, 0.12789, 0.12789
2.41044, 1.12899, 1.12899, 0.14461, 0.14461, 0.12809, 0.12809
2.41706, 1.13129, 1.13129, 0.14536, 0.14536, 0.12849, 0.12849
2.42368, 1.12925, 1.12925, 0.14501, 0.14501, 0.12841, 0.12841
2.43030, 1.13078, 1.13078, 0.14480, 0.14480, 0.12805, 0.12805
2.43692, 1.12919, 1.12919, 0.14475, 0.14475, 0.12819, 0.12819
2.44354, 1.12813, 1.12813, 0.14476, 0.14476, 0.12832, 0.12832
2.45017, 1.13115, 1.13115, 0.14507, 0.14507, 0.12825, 0.12825
2.45679, 1.13129, 1.13129, 0.14476, 0.14476, 0.12796, 0.12796
2.46341, 1.13193, 1.13193, 0.14480, 0.14480, 0.12792, 0.12792
2.47003, 1.13196, 1.13196, 0.14457, 0.14457, 0.12771, 0.12771
2.47666, 1.13449, 1.13449, 0.14427, 0.14427, 0.12717, 0.12717
2.48328, 1.13441, 1.13441, 0.14430, 0.14430, 0.12720, 0.12720
2.48990, 1.13588, 1.13588, 0.14468, 0.14468, 0.12737, 0.12737
2.49653, 1.13400, 1.13400, 0.14534, 0.14534, 0.12817, 0.12817
2.50312, 1.13635, 1.13635, 0.14517, 0.14517, 0.12775, 0.12775
2.50972, 1.13197, 1.13197, 0.14465, 0.14465, 0.12779, 0.12779
2.51632, 1.13727, 1.13727, 0.14513, 0.14513, 0.12761, 0.12761
2.52292, 1.13649, 1.13649, 0.14478, 0.14478, 0.12739, 0.12739
2.52951, 1.14024, 1.14024, 0.14472, 0.14472, 0.12692, 0.12692
2.53611, 1.13934, 1.13934, 0.14432, 0.14432, 0.12667, 0.12667
2.54271, 1.13914, 1.13914, 0.14380, 0.14380, 0.12623, 0.12623
2.54931, 1.13927, 1.13927, 0.14339, 0.14339, 0.12586, 0.12586
2.55591, 1.13691, 1.13691, 0.14283, 0.14283, 0.12563, 0.12563
2.56251, 1.14311, 1.14311, 0.14313, 0.14313, 0.12521, 0.12521
2.56911, 1.14391, 1.14391, 0.14290, 0.14290, 0.12492, 0.12492
2.57571, 1.14491, 1.14491, 0.14303, 0.14303, 0.12492, 0.12492
2.58231, 1.14573, 1.14573, 0.14295, 0.14295, 0.12477, 0.12477
2.58891, 1.14714, 1.14714, 0.14312, 0.14312, 0.12476, 0.12476
2.59551, 1.15052, 1.15052, 0.14309, 0.14309, 0.12437, 0.12437
2.60212, 1.14834, 1.14834, 0.14262, 0.14262, 0.12419, 0.12419
2.60872, 1.14963, 1.14963, 0.14280, 0.14280, 0.12421, 0.12421
2.61532, 1.15031, 1.15031, 0.14334, 0.14334, 0.12461, 0.12461
2.62192, 1.15209, 1.15209, 0.14448, 0.14448, 0.12541, 0.12541
2.62853, 1.15222, 1.15222, 0.14381, 0.14381, 0.12481, 0.12481
2.63513, 1.15333, 1.15333, 0.14371, 0.14371, 0.12460, 0.12460
2.64174, 1.15866, 1.15866, 0.14270, 0.14270, 0.12316, 0.12316
2.64834, 1.15618, 1.15618, 0.14168, 0.14168, 0.12254, 0.12254
2.65495, 1.15681, 1.15681, 0.14004, 0.14004, 0.12106, 0.12106
2.84004, 1.03816, 1.03816, 0.06237, 0.06237, 0.06007, 0.06007
2.84666, 1.03615, 1.03615, 0.06201, 0.06201, 0.05985, 0.05985
2.85328, 1.03464, 1.03464, 0.06218, 0.06218, 0.06010, 0.06010
2.85989, 1.03663, 1.03663, 0.06215, 0.06215, 0.05995, 0.05995
2.86651, 1.03690, 1.03690, 0.06225, 0.06225, 0.06004, 0.06004
2.87313, 1.03586, 1.03586, 0.06197, 0.06197, 0.05983, 0.05983
2.87975, 1.03368, 1.03368, 0.06210, 0.06210, 0.06008, 0.06008
2.88636, 1.03191, 1.03191, 0.06237, 0.06237, 0.06044, 0.06044
2.89298, 1.02989, 1.02989, 0.06276, 0.06276, 0.06094, 0.06094
2.89960, 1.02507, 1.02507, 0.06303, 0.06303, 0.06149, 0.06149
2.90622, 1.02096, 1.02096, 0.06277, 0.06277, 0.06148, 0.06148
2.91284, 1.01522, 1.01522, 0.06239, 0.06239, 0.06145, 0.06145
2.91946, 1.01304, 1.01304, 0.06246, 0.06246, 0.06165, 0.06165
2.92608, 1.01339, 1.01339, 0.06248, 0.06248, 0.06165, 0.06165
2.93270, 1.01287, 1.01287, 0.06227, 0.06227, 0.06148, 0.06148
2.93932, 1.01151, 1.01151, 0.06223, 0.06223, 0.06152, 0.06152
2.94595, 1.01021, 1.01021, 0.06242, 0.06242, 0.06179, 0.06179
2.95257, 1.00768, 1.00768, 0.06236, 0.06236, 0.06189, 0.06189
2.95919, 1.00232, 1.00232, 0.06244, 0.06244, 0.06229, 0.06229
2.96581, 0.99696, 0.99696, 0.06278, 0.06278, 0.06297, 0.06297
2.97244, 0.99689, 0.99689, 0.06345, 0.06345, 0.06365, 0.06365
2.97906, 0.99725, 0.99725, 0.06414, 0.06414, 0.06431, 0.06431
2.98568, 0.99034, 0.99034, 0.06408, 0.06408, 0.06470, 0.06470
2.99231, 0.98560, 0.98560, 0.06384, 0.06384, 0.06477, 0.06477
2.99893, 0.98813, 0.98813, 0.06429, 0.06429, 0.06506, 0.06506
3.00556, 0.99669, 0.99669, 0.06457, 0.06457, 0.06478, 0.06478
3.01218, 1.00614, 1.00614, 0.06538, 0.06538, 0.06498, 0.06498
3.01881, 1.00952, 1.00952, 0.06628, 0.06628, 0.06566, 0.06566
3.02544, 1.00129, 1.00129, 0.06675, 0.06675, 0.06667, 0.06667
3.03206, 0.99117, 0.99117, 0.06660, 0.06660, 0.06720, 0.06720
3.03869, 0.98848, 0.98848, 0.06671, 0.06671, 0.06749, 0.06749
3.04532, 0.98663, 0.98663, 0.06638, 0.06638, 0.06727, 0.06727
3.05195, 0.98344, 0.98344, 0.06590, 0.06590, 0.06701, 0.06701
3.05857, 0.97794, 0.97794, 0.06535, 0.06535, 0.06683, 0.06683
3.06520, 0.97118, 0.97118, 0.06511, 0.06511, 0.06704, 0.06704
3.07183, 0.97158, 0.97158, 0.06561, 0.06561, 0.06753, 0.06753
3.07846, 0.97414, 0.97414, 0.06579, 0.06579, 0.06754, 0.06754
3.08509, 0.97992, 0.97992, 0.06658, 0.06658, 0.06794, 0.06794
3.09172, 0.98058, 0.98058, 0.06705, 0.06705, 0.06838, 0.06838
3.09835, 0.97797, 0.97797, 0.06726, 0.06726, 0.06877, 0.06877
3.10498, 0.97458, 0.97458, 0.06731, 0.06731, 0.06907, 0.06907
3.11161, 0.97189, 0.97189, 0.06719, 0.06719, 0.06913, 0.06913
3.11825, 0.96596, 0.96596, 0.06714, 0.06714, 0.06951, 0.06951
3.12488, 0.95914, 0.95914, 0.06679, 0.06679, 0.06963, 0.06963
3.13151, 0.96074, 0.96074, 0.06668, 0.06668, 0.06941, 0.06941
3.13814, 0.96703, 0.96703, 0.06656, 0.06656, 0.06883, 0.06883
3.14478, 0.96845, 0.96845, 0.06665, 0.06665, 0.06882, 0.06882
3.15141, 0.96611, 0.96611, 0.06704, 0.06704, 0.06939, 0.06939
3.15804, 0.96588, 0.96588, 0.06779, 0.06779, 0.07019, 0.07019
3.16468, 0.96879, 0.96879, 0.06880, 0.06880, 0.07101, 0.07101
3.17131, 0.97078, 0.97078, 0.06944, 0.06944, 0.07153, 0.07153
3.17795, 0.97216, 0.97216, 0.07010, 0.07010, 0.07210, 0.07210
3.18458, 0.97129, 0.97129, 0.07081, 0.07081, 0.07290, 0.07290
3.19122, 0.96880, 0.96880, 0.07179, 0.07179, 0.07410, 0.07410
3.19785, 0.96768, 0.96768, 0.07306, 0.07306, 0.07550, 0.07550
3.20449, 0.96899, 0.96899, 0.07445, 0.07445, 0.07684, 0.07684
3.21113, 0.96937, 0.96937, 0.07522, 0.07522, 0.07759, 0.07759
3.21776, 0.96967, 0.96967, 0.07608, 0.07608, 0.07846, 0.07846
3.22440, 0.97241, 0.97241, 0.07748, 0.07748, 0.07968, 0.07968
3.23104, 0.97504, 0.97504, 0.07862, 0.07862, 0.08063, 0.08063
3.23768, 0.97512, 0.97512, 0.07945, 0.07945, 0.08148, 0.08148
3.24432, 0.97483, 0.97483, 0.08029, 0.08029, 0.08237, 0.08237
3.25096, 0.97577, 0.97577, 0.08138, 0.08138, 0.08341, 0.08341
3.25760, 0.97830, 0.97830, 0.08216, 0.08216, 0.08398, 0.08398
3.26424, 0.97923, 0.97923, 0.08316, 0.08316, 0.08493, 0.08493
3.27088, 0.97660, 0.97660, 0.08429, 0.08429, 0.08631, 0.08631
3.27752, 0.97076, 0.97076, 0.08551, 0.08551, 0.08809, 0.08809
3.28416, 0.96817, 0.96817, 0.08735, 0.08735, 0.09022, 0.09022
3.29080, 0.97093, 0.97093, 0.08963, 0.08963, 0.09231, 0.09231
3.29744, 0.97682, 0.97682, 0.09166, 0.09166, 0.09383, 0.09383
3.30408, 0.97785, 0.97785, 0.09319, 0.09319, 0.09530, 0.09530
3.31073, 0.97764, 0.97764, 0.09507, 0.09507, 0.09725, 0.09725
3.31737, 0.97902, 0.97902, 0.09678, 0.09678, 0.09885, 0.09885
3.32401, 0.98116, 0.98116, 0.09797, 0.09797, 0.09985, 0.09985
3.33066, 0.98170, 0.98170, 0.09932, 0.09932, 0.10117, 0.10117
3.33730, 0.98173, 0.98173, 0.10132, 0.10132, 0.10321, 0.10321
3.34395, 0.98060, 0.98060, 0.10279, 0.10279, 0.10483, 0.10483
3.35059, 0.98063, 0.98063, 0.10389, 0.10389, 0.10594, 0.10594
3.35724, 0.97391, 0.97391, 0.10531, 0.10531, 0.10813, 0.10813
3.36388, 0.96856, 0.96856, 0.10673, 0.10673, 0.11019, 0.11019
3.37053, 0.96333, 0.96333, 0.10766, 0.10766, 0.11176, 0.11176
3.37717, 0.96845, 0.96845, 0.10932, 0.10932, 0.11288, 0.11288
3.38382, 0.97495, 0.97495, 0.11099, 0.11099, 0.11384, 0.11384
3.39047, 0.97930, 0.97930, 0.11217, 0.11217, 0.11454, 0.11454
3.39712, 0.97776, 0.97776, 0.11341, 0.11341, 0.11599, 0.11599
3.40376, 0.97382, 0.97382, 0.11497, 0.11497, 0.11806, 0.11806
3.41041, 0.96904, 0.96904, 0.11673, 0.11673, 0.12046, 0.12046
3.41706, 0.96885, 0.96885, 0.11783, 0.11783, 0.12162, 0.12162
3.42371, 0.97349, 0.97349, 0.11977, 0.11977, 0.12303, 0.12303
3.43036, 0.97825, 0.97825, 0.12224, 0.12224, 0.12495, 0.12495
3.43701, 0.97776, 0.97776, 0.12358, 0.12358, 0.12639, 0.12639
3.44366, 0.97363, 0.97363, 0.12388, 0.12388, 0.12723, 0.12723
3.45031, 0.97007, 0.97007, 0.12490, 0.12490, 0.12875, 0.12875
3.45696, 0.96785, 0.96785, 0.12658, 0.12658, 0.13078, 0.13078
3.46361, 0.96643, 0.96643, 0.12777, 0.12777, 0.13221, 0.13221
3.47026, 0.96643, 0.96643, 0.12917, 0.12917, 0.13365, 0.13365
3.47692, 0.96533, 0.96533, 0.13133, 0.13133, 0.13604, 0.13604
3.48357, 0.96272, 0.96272, 0.13340, 0.13340, 0.13856, 0.13856
3.49022, 0.96112, 0.96112, 0.13417, 0.13417, 0.13959, 0.13959
3.49687, 0.95808, 0.95808, 0.13517, 0.13517, 0.14108, 0.14108
3.50353, 0.95470, 0.95470, 0.13767, 0.13767, 0.14421, 0.14421
3.51018, 0.95127, 0.95127, 0.14043, 0.14043, 0.14762, 0.14762
3.51684, 0.95035, 0.95035, 0.14237, 0.14237, 0.14980, 0.14980
3.52349, 0.95137, 0.95137, 0.14514, 0.14514, 0.15256, 0.15256
3.53015, 0.95004, 0.95004, 0.14883, 0.14883, 0.15666, 0.15666
3.53680, 0.94935, 0.94935, 0.15137, 0.15137, 0.15945, 0.15945
3.54346, 0.94987, 0.94987, 0.15225, 0.15225, 0.16028, 0.16028
3.55011, 0.94828, 0.94828, 0.15434, 0.15434, 0.16275, 0.16275
3.55677, 0.94931, 0.94931, 0.15778, 0.15778, 0.16621, 0.16621
3.56343, 0.94760, 0.94760, 0.16025, 0.16025, 0.16911, 0.16911
3.57008, 0.94505, 0.94505, 0.16051, 0.16051, 0.16984, 0.16984
3.57674, 0.94425, 0.94425, 0.16218, 0.16218, 0.17175, 0.17175
3.58340, 0.94596, 0.94596, 0.16608, 0.16608, 0.17557, 0.17557
3.59006, 0.94913, 0.94913, 0.16825, 0.16825, 0.17726, 0.17726
3.59672, 0.94803, 0.94803, 0.16807, 0.16807, 0.17728, 0.17728
3.60338, 0.94544, 0.94544, 0.16929, 0.16929, 0.17906, 0.17906
3.61004, 0.94248, 0.94248, 0.17200, 0.17200, 0.18250, 0.18250
3.61670, 0.93715, 0.93715, 0.17284, 0.17284, 0.18443, 0.18443
3.62336, 0.93225, 0.93225, 0.17191, 0.17191, 0.18440, 0.18440
3.63002, 0.92791, 0.92791, 0.17336, 0.17336, 0.18683, 0.18683
3.63668, 0.92447, 0.92447, 0.17724, 0.17724, 0.19172, 0.19172
3.64334, 0.92208, 0.92208, 0.17944, 0.17944, 0.19461, 0.19461
3.65000, 0.92126, 0.92126, 0.17919, 0.17919, 0.19451, 0.19451
3.65667, 0.91899, 0.91899, 0.17961, 0.17961, 0.19545, 0.19545
3.66333, 0.91570, 0.91570, 0.18288, 0.18288, 0.19972, 0.19972
3.66999, 0.91130, 0.91130, 0.18417, 0.18417, 0.20210, 0.20210
3.67665, 0.90655, 0.90655, 0.18294, 0.18294, 0.20180, 0.20180
3.68332, 0.90228, 0.90228, 0.18314, 0.18314, 0.20298, 0.20298
3.68998, 0.90164, 0.90164, 0.18707, 0.18707, 0.20747, 0.20747
3.69665, 0.90014, 0.90014, 0.19016, 0.19016, 0.21125, 0.21125
3.70331, 0.89761, 0.89761, 0.19020, 0.19020, 0.21189, 0.21189
3.70998, 0.89437, 0.89437, 0.18981, 0.18981, 0.21223, 0.21223
3.71664, 0.89124, 0.89124, 0.19291, 0.19291, 0.21645, 0.21645
3.72331, 0.88666, 0.88666, 0.19639, 0.19639, 0.22149, 0.22149
3.72998, 0.88103, 0.88103, 0.19580, 0.19580, 0.22224, 0.22224
3.73664, 0.87826, 0.87826, 0.19414, 0.19414, 0.22105, 0.22105
3.74331, 0.87546, 0.87546, 0.19571, 0.19571, 0.22355, 0.22355
3.74998, 0.87385, 0.87385, 0.19960, 0.19960, 0.22841, 0.22841
3.75665, 0.87187, 0.87187, 0.20028, 0.20028, 0.22971, 0.22971
3.76331, 0.87008, 0.87008, 0.19829, 0.19829, 0.22790, 0.22790
3.76998, 0.86689, 0.86689, 0.19857, 0.19857, 0.22906, 0.22906
3.77665, 0.86187, 0.86187, 0.20204, 0.20204, 0.23441, 0.23441
3.78332, 0.85697, 0.85697, 0.20388, 0.20388, 0.23791, 0.23791
3.78999, 0.85222, 0.85222, 0.20204, 0.20204, 0.23707, 0.23707
3.79666, 0.84511, 0.84511, 0.20058, 0.20058, 0.23734, 0.23734
3.80333, 0.84007, 0.84007, 0.20294, 0.20294, 0.24157, 0.24157
3.81000, 0.83465, 0.83465, 0.20640, 0.20640, 0.24729, 0.24729
3.81667, 0.83434, 0.83434, 0.20611, 0.20611, 0.24703, 0.24703
3.82335, 0.83500, 0.83500, 0.20370, 0.20370, 0.24395, 0.24395
3.83002, 0.82969, 0.82969, 0.20385, 0.20385, 0.24569, 0.24569
3.83669, 0.82727, 0.82727, 0.20807, 0.20807, 0.25151, 0.25151
3.84336, 0.82547, 0.82547, 0.21044, 0.21044, 0.25493, 0.25493
3.85004, 0.81973, 0.81973, 0.20755, 0.20755, 0.25319, 0.25319
3.85671, 0.81252, 0.81252, 0.20545, 0.20545, 0.25285, 0.25285
3.86339, 0.80851, 0.80851, 0.20824, 0.20824, 0.25756, 0.25756
3.87006, 0.80628, 0.80628, 0.21313, 0.21313, 0.26434, 0.26434
3.87673, 0.80540, 0.80540, 0.21573, 0.21573, 0.26786, 0.26786
3.88341, 0.80594, 0.80594, 0.21565, 0.21565, 0.26757, 0.26757
3.89008, 0.80730, 0.80730, 0.21735, 0.21735, 0.26923, 0.26923
3.89676, 0.80501, 0.80501, 0.22230, 0.22230, 0.27614, 0.27614
