0.43613, 1.16263, 1.16263, 0.05766, 0.05766, 0.04959, 0.04959
0.44263, 1.16287, 1.16287, 0.05937, 0.05937, 0.05106, 0.05106
0.44914, 1.15959, 1.15959, 0.06173, 0.06173, 0.05324, 0.05324
0.45564, 1.16210, 1.16210, 0.06649, 0.06649, 0.05721, 0.05721
0.46215, 1.16140, 1.16140, 0.06770, 0.06770, 0.05829, 0.05829
0.46865, 1.16169, 1.16169, 0.07181, 0.07181, 0.06181, 0.06181
0.47516, 1.16065, 1.16065, 0.07408, 0.07408, 0.06382, 0.06382
0.48167, 1.15806, 1.15806, 0.07823, 0.07823, 0.06755, 0.06755
0.48817, 1.15893, 1.15893, 0.08115, 0.08115, 0.07002, 0.07002
0.49468, 1.15984, 1.15984, 0.08463, 0.08463, 0.07297, 0.07297
0.50119, 1.16000, 1.16000, 0.08914, 0.08914, 0.07685, 0.07685
0.50770, 1.16004, 1.16004, 0.09151, 0.09151, 0.07888, 0.07888
0.51421, 1.15907, 1.15907, 0.09565, 0.09565, 0.08252, 0.08252
0.52072, 1.15340, 1.15340, 0.10082, 0.10082, 0.08741, 0.08741
0.52723, 1.15538, 1.15538, 0.10237, 0.10237, 0.08860, 0.08860
0.53374, 1.15500, 1.15500, 0.10926, 0.10926, 0.09460, 0.09460
0.54025, 1.15172, 1.15172, 0.11388, 0.11388, 0.09888, 0.09888
0.54676, 1.14931, 1.14931, 0.11707, 0.11707, 0.10186, 0.10186
0.55327, 1.14496, 1.14496, 0.12375, 0.12375, 0.10809, 0.10809
0.55978, 1.14089, 1.14089, 0.13208, 0.13208, 0.11577, 0.11577
0.56629, 1.12403, 1.12403, 0.14288, 0.14288, 0.12711, 0.12711
0.57281, 1.11951, 1.11951, 0.15113, 0.15113, 0.13500, 0.13500
0.57932, 1.11436, 1.11436, 0.15921, 0.15921, 0.14287, 0.14287
0.58583, 1.10847, 1.10847, 0.16886, 0.16886, 0.15234, 0.15234
0.59235, 1.10202, 1.10202, 0.17522, 0.17522, 0.15900, 0.15900
0.59886, 1.09903, 1.09903, 0.17734, 0.17734, 0.16136, 0.16136
0.60538, 1.09433, 1.09433, 0.18095, 0.18095, 0.16536, 0.16536
0.61189, 1.09122, 1.09122, 0.18751, 0.18751, 0.17183, 0.17183
0.61841, 1.08776, 1.08776, 0.18916, 0.18916, 0.17390, 0.17390
0.62492, 1.08542, 1.08542, 0.19511, 0.19511, 0.17975, 0.17975
0.63144, 1.08385, 1.08385, 0.19441, 0.19441, 0.17937, 0.17937
0.70968, 1.06702, 1.06702, 0.21232, 0.21232, 0.19898, 0.19898
0.71620, 1.06496, 1.06496, 0.21241, 0.21241, 0.19946, 0.19946
0.72272, 1.06520, 1.06520, 0.21769, 0.21769, 0.20436, 0.20436
0.72925, 1.06490, 1.06440, 0.22142, 0.22041, 0.20792, 0.20707
0.73577, 1.06345, 1.06293, 0.21575, 0.21473, 0.20288, 0.20201
0.74230, 1.06240, 1.06186, 0.21445, 0.21339, 0.20186, 0.20096
0.74882, 1.06225, 1.06170, 0.21224, 0.21115, 0.19980, 0.19888
0.75535, 1.06245, 1.06187, 0.21359, 0.21245, 0.20104, 0.20007
0.76187, 1.06252, 1.06192, 0.21534, 0.21414, 0.20267, 0.20166
0.76840, 1.06288, 1.06225, 0.21512, 0.21387, 0.20240, 0.20134
0.77492, 1.06201, 1.06136, 0.21770, 0.21639, 0.20499, 0.20388
0.78145, 1.06224, 1.06157, 0.21565, 0.21430, 0.20302, 0.20188
0.78798, 1.06278, 1.06208, 0.21468, 0.21328, 0.20200, 0.20082
0.79451, 1.06266, 1.06193, 0.21361, 0.21217, 0.20102, 0.19980
0.80104, 1.06277, 1.06201, 0.21239, 0.21090, 0.19985, 0.19859
0.80756, 1.06374, 1.06296, 0.21264, 0.21110, 0.19990, 0.19860
0.81409, 1.06369, 1.06287, 0.21369, 0.21208, 0.20089, 0.19953
0.82062, 1.06543, 1.06459, 0.21536, 0.21368, 0.20214, 0.20072
0.82715, 1.06354, 1.06266, 0.21341, 0.21168, 0.20066, 0.19920
0.83368, 1.06538, 1.06447, 0.21419, 0.21240, 0.20105, 0.19953
0.84022, 1.06542, 1.06448, 0.21435, 0.21249, 0.20119, 0.19962
0.84675, 1.06665, 1.06567, 0.21258, 0.21067, 0.19930, 0.19769
0.85328, 1.06556, 1.06455, 0.21244, 0.21046, 0.19937, 0.19770
0.85981, 1.06576, 1.06472, 0.20818, 0.20618, 0.19534, 0.19365
0.86634, 1.06626, 1.06518, 0.21268, 0.21056, 0.19946, 0.19768
0.87288, 1.06415, 1.06303, 0.21022, 0.20805, 0.19754, 0.19572
0.87941, 1.06524, 1.06409, 0.20727, 0.20506, 0.19457, 0.19271
0.88595, 1.06159, 1.06040, 0.20698, 0.20470, 0.19497, 0.19304
0.89248, 1.06343, 1.06220, 0.20928, 0.20690, 0.19680, 0.19479
0.89902, 1.06317, 1.06190, 0.20653, 0.20411, 0.19426, 0.19221
0.90555, 1.06221, 1.06090, 0.20468, 0.20220, 0.19269, 0.19059
0.91209, 1.06235, 1.06099, 0.20359, 0.20104, 0.19164, 0.18948
0.91862, 1.06271, 1.06131, 0.20524, 0.20259, 0.19313, 0.19089
0.92516, 1.05969, 1.05826, 0.20390, 0.20118, 0.19241, 0.19010
0.93170, 1.05899, 1.05751, 0.20032, 0.19757, 0.18916, 0.18682
0.93824, 1.06007, 1.05854, 0.20032, 0.19748, 0.18897, 0.18656
0.94477, 1.05822, 1.05664, 0.20055, 0.19762, 0.18951, 0.18702
0.95131, 1.05930, 1.05767, 0.20158, 0.19855, 0.19030, 0.18772
0.95785, 1.05713, 1.05546, 0.20106, 0.19794, 0.19019, 0.18754
0.96439, 1.05653, 1.05481, 0.20045, 0.19725, 0.18973, 0.18700
0.97093, 1.05574, 1.05397, 0.19808, 0.19481, 0.18762, 0.18484
0.97747, 1.05401, 1.05219, 0.19711, 0.19377, 0.18701, 0.18416
0.98401, 1.05280, 1.05092, 0.19284, 0.18947, 0.18317, 0.18029
0.99055, 1.05382, 1.05189, 0.19321, 0.18974, 0.18335, 0.18038
0.99710, 1.05290, 1.05092, 0.19319, 0.18962, 0.18348, 0.18043
1.00364, 1.05200, 1.04996, 0.19327, 0.18959, 0.18372, 0.18057
1.01018, 1.05152, 1.04942, 0.18970, 0.18599, 0.18040, 0.17723
1.04720, 1.04812, 1.04812, 0.18636, 0.18636, 0.17780, 0.17780
1.05375, 1.04898, 1.04898, 0.18556, 0.18556, 0.17690, 0.17690
1.06030, 1.05067, 1.05067, 0.18622, 0.18622, 0.17724, 0.17724
1.06685, 1.05094, 1.05094, 0.18557, 0.18557, 0.17658, 0.17658
1.07341, 1.05257, 1.05257, 0.18431, 0.18431, 0.17510, 0.17510
1.07996, 1.05112, 1.05112, 0.18292, 0.18292, 0.17402, 0.17402
1.08651, 1.05128, 1.05128, 0.18333, 0.18333, 0.17439, 0.17439
1.09307, 1.04951, 1.04951, 0.18372, 0.18372, 0.17506, 0.17506
1.09962, 1.05229, 1.05229, 0.18554, 0.18554, 0.17632, 0.17632
1.10617, 1.05291, 1.05291, 0.18555, 0.18555, 0.17623, 0.17623
1.11273, 1.05184, 1.05184, 0.18488, 0.18488, 0.17577, 0.17577
1.11928, 1.05106, 1.05106, 0.18541, 0.18541, 0.17640, 0.17640
1.12584, 1.04960, 1.04960, 0.18537, 0.18537, 0.17661, 0.17661
1.13239, 1.04913, 1.04913, 0.18529, 0.18529, 0.17661, 0.17661
1.13895, 1.05019, 1.05019, 0.18546, 0.18546, 0.17659, 0.17659
1.14551, 1.04976, 1.04976, 0.18561, 0.18561, 0.17682, 0.17682
1.15206, 1.05034, 1.05034, 0.18567, 0.18567, 0.17677, 0.17677
1.15862, 1.04946, 1.04946, 0.18502, 0.18502, 0.17630, 0.17630
1.16518, 1.05036, 1.05036, 0.18481, 0.18481, 0.17595, 0.17595
1.17173, 1.05244, 1.05244, 0.18502, 0.18502, 0.17580, 0.17580
1.17829, 1.05374, 1.05374, 0.18446, 0.18446, 0.17505, 0.17505
1.18485, 1.05285, 1.05285, 0.18531, 0.18531, 0.17601, 0.17601
1.19141, 1.05403, 1.05403, 0.18632, 0.18632, 0.17677, 0.17677
1.19797, 1.05525, 1.05525, 0.18414, 0.18414, 0.17450, 0.17450
1.20453, 1.05078, 1.05078, 0.18289, 0.18289, 0.17405, 0.17405
1.21109, 1.05142, 1.05142, 0.18373, 0.18373, 0.17474, 0.17474
1.21765, 1.05240, 1.05240, 0.18303, 0.18303, 0.17391, 0.17391
1.22421, 1.05172, 1.05172, 0.18274, 0.18274, 0.17375, 0.17375
1.23077, 1.05132, 1.05132, 0.18370, 0.18370, 0.17474, 0.17474
1.23733, 1.05160, 1.05160, 0.18440, 0.18440, 0.17535, 0.17535
1.24389, 1.05180, 1.05180, 0.18477, 0.18477, 0.17567, 0.17567
1.25045, 1.05080, 1.05080, 0.18527, 0.18527, 0.17631, 0.17631
1.25701, 1.05195, 1.05195, 0.18451, 0.18451, 0.17539, 0.17539
1.26357, 1.05334, 1.05334, 0.18519, 0.18519, 0.17581, 0.17581
1.27014, 1.05353, 1.05353, 0.18669, 0.18669, 0.17720, 0.17720
1.27670, 1.05343, 1.05343, 0.18627, 0.18627, 0.17682, 0.17682
1.28326, 1.05323, 1.05323, 0.18586, 0.18586, 0.17647, 0.17647
1.28983, 1.05416, 1.05416, 0.18660, 0.18660, 0.17701, 0.17701
1.29639, 1.05504, 1.05504, 0.18693, 0.18693, 0.17718, 0.17718
1.30295, 1.05599, 1.05599, 0.18722, 0.18722, 0.17730, 0.17730
1.30952, 1.05406, 1.05406, 0.18552, 0.18552, 0.17600, 0.17600
1.31608, 1.05399, 1.05399, 0.18534, 0.18534, 0.17585, 0.17585
1.32265, 1.05526, 1.05526, 0.18748, 0.18748, 0.17766, 0.17766
1.32921, 1.05553, 1.05553, 0.18803, 0.18803, 0.17814, 0.17814
1.33578, 1.05228, 1.05228, 0.18808, 0.18808, 0.17874, 0.17874
1.34234, 1.05619, 1.05619, 0.18866, 0.18866, 0.17862, 0.17862
1.34891, 1.05695, 1.05695, 0.18904, 0.18904, 0.17886, 0.17886
1.35548, 1.05768, 1.05768, 0.19008, 0.19008, 0.17972, 0.17972
1.36205, 1.05839, 1.05839, 0.19095, 0.19095, 0.18041, 0.18041
1.36861, 1.06091, 1.06091, 0.19003, 0.19003, 0.17912, 0.17912
1.37518, 1.05905, 1.05905, 0.18971, 0.18971, 0.17913, 0.17913
1.38175, 1.05903, 1.05903, 0.19024, 0.19024, 0.17963, 0.17963
1.38832, 1.05829, 1.05829, 0.18933, 0.18933, 0.17890, 0.17890
1.39489, 1.05502, 1.05502, 0.18988, 0.18988, 0.17998, 0.17998
1.40145, 1.05498, 1.05498, 0.18962, 0.18962, 0.17974, 0.17974
1.40802, 1.05283, 1.05283, 0.18939, 0.18939, 0.17989, 0.17989
1.41459, 1.04960, 1.04960, 0.18920, 0.18920, 0.18026, 0.18026
1.42116, 1.04953, 1.04953, 0.19028, 0.19028, 0.18130, 0.18130
1.42773, 1.04976, 1.04976, 0.18856, 0.18856, 0.17962, 0.17962
1.43431, 1.04904, 1.04904, 0.18867, 0.18867, 0.17985, 0.17985
1.44088, 1.05069, 1.05069, 0.18825, 0.18825, 0.17916, 0.17916
1.44745, 1.05547, 1.05547, 0.19051, 0.19051, 0.18050, 0.18050
1.45402, 1.05861, 1.05861, 0.19133, 0.19133, 0.18074, 0.18074
1.46059, 1.05895, 1.05895, 0.19199, 0.19199, 0.18130, 0.18130
1.46716, 1.05934, 1.05934, 0.19170, 0.19170, 0.18096, 0.18096
1.47374, 1.05993, 1.05993, 0.19150, 0.19150, 0.18067, 0.18067
1.48031, 1.05784, 1.05784, 0.19096, 0.19096, 0.18052, 0.18052
1.48688, 1.06283, 1.06283, 0.19016, 0.19016, 0.17892, 0.17892
1.49346, 1.06357, 1.06357, 0.19240, 0.19240, 0.18090, 0.18090
1.50003, 1.06445, 1.06445, 0.19162, 0.19162, 0.18001, 0.18001
1.50661, 1.06722, 1.06722, 0.19109, 0.19109, 0.17905, 0.17905
1.51318, 1.06621, 1.06621, 0.19275, 0.19275, 0.18078, 0.18078
1.51976, 1.06814, 1.06814, 0.19293, 0.19293, 0.18062, 0.18062
1.52633, 1.06590, 1.06590, 0.19338, 0.19338, 0.18142, 0.18142
1.53291, 1.06937, 1.06937, 0.19327, 0.19327, 0.18073, 0.18073
1.53948, 1.06770, 1.06770, 0.19332, 0.19332, 0.18106, 0.18106
1.54606, 1.06925, 1.06925, 0.19504, 0.19504, 0.18240, 0.18240
1.55264, 1.06852, 1.06852, 0.19490, 0.19490, 0.18240, 0.18240
1.55921, 1.07076, 1.07076, 0.19471, 0.19471, 0.18184, 0.18184
1.56579, 1.06908, 1.06908, 0.19404, 0.19404, 0.18150, 0.18150
1.57237, 1.07051, 1.07051, 0.19322, 0.19322, 0.18049, 0.18049
1.57895, 1.07114, 1.07114, 0.19471, 0.19471, 0.18178, 0.18178
1.58552, 1.06933, 1.06933, 0.19523, 0.19523, 0.18257, 0.18257
1.59210, 1.06928, 1.06928, 0.19348, 0.19348, 0.18094, 0.18094
1.59868, 1.07023, 1.07023, 0.19375, 0.19375, 0.18103, 0.18103
1.60526, 1.07271, 1.07271, 0.19400, 0.19400, 0.18085, 0.18085
1.61184, 1.07143, 1.07143, 0.19482, 0.19482, 0.18183, 0.18183
1.61842, 1.07209, 1.07209, 0.19496, 0.19496, 0.18185, 0.18185
1.62500, 1.06799, 1.06799, 0.19491, 0.19491, 0.18250, 0.18250
1.63158, 1.07007, 1.07007, 0.19692, 0.19692, 0.18402, 0.18402
1.63816, 1.07380, 1.07380, 0.19629, 0.19629, 0.18280, 0.18280
1.64474, 1.06944, 1.06944, 0.19545, 0.19545, 0.18276, 0.18276
1.67107, 1.07038, 1.07038, 0.19579, 0.19579, 0.18292, 0.18292
1.67766, 1.06885, 1.06885, 0.19543, 0.19543, 0.18284, 0.18284
1.68424, 1.06855, 1.06855, 0.19529, 0.19529, 0.18276, 0.18276
1.69082, 1.07204, 1.07204, 0.19594, 0.19594, 0.18277, 0.18277
1.69741, 1.06985, 1.06985, 0.19592, 0.19592, 0.18313, 0.18313
1.70399, 1.06841, 1.06841, 0.19636, 0.19636, 0.18379, 0.18379
1.71058, 1.06726, 1.06726, 0.19612, 0.19612, 0.18376, 0.18376
1.71716, 1.06929, 1.06929, 0.19651, 0.19651, 0.18377, 0.18377
1.72375, 1.06835, 1.06835, 0.19657, 0.19657, 0.18399, 0.18399
1.73033, 1.06799, 1.06799, 0.19633, 0.19633, 0.18383, 0.18383
1.73692, 1.06659, 1.06659, 0.19599, 0.19599, 0.18375, 0.18375
1.74351, 1.06592, 1.06592, 0.19608, 0.19608, 0.18395, 0.18395
1.75009, 1.06480, 1.06480, 0.19606, 0.19606, 0.18413, 0.18413
1.75668, 1.06342, 1.06342, 0.19568, 0.19568, 0.18401, 0.18401
1.76327, 1.06132, 1.06132, 0.19527, 0.19527, 0.18398, 0.18398
1.76985, 1.05985, 1.05985, 0.19494, 0.19494, 0.18393, 0.18393
1.77644, 1.06015, 1.06015, 0.19516, 0.19516, 0.18409, 0.18409
1.78303, 1.06111, 1.06111, 0.19499, 0.19499, 0.18376, 0.18376
1.78962, 1.06190, 1.06190, 0.19508, 0.19508, 0.18371, 0.18371
1.79621, 1.06137, 1.06137, 0.19538, 0.19538, 0.18408, 0.18408
1.80280, 1.06155, 1.06155, 0.19560, 0.19560, 0.18426, 0.18426
1.80939, 1.06124, 1.06124, 0.19562, 0.19562, 0.18433, 0.18433
1.81598, 1.06128, 1.06128, 0.19581, 0.19581, 0.18450, 0.18450
1.82257, 1.06090, 1.06090, 0.19612, 0.19612, 0.18486, 0.18486
1.82916, 1.06183, 1.06183, 0.19583, 0.19583, 0.18443, 0.18443
1.83575, 1.06102, 1.06102, 0.19534, 0.19534, 0.18411, 0.18411
1.84234, 1.06031, 1.06031, 0.19542, 0.19542, 0.18431, 0.18431
1.84893, 1.05785, 1.05785, 0.19492, 0.19492, 0.18426, 0.18426
1.85552, 1.05788, 1.05788, 0.19518, 0.19518, 0.18450, 0.18450
1.86212, 1.05515, 1.05515, 0.19447, 0.19447, 0.18430, 0.18430
1.86871, 1.05458, 1.05458, 0.19419, 0.19419, 0.18414, 0.18414
1.87530, 1.05042, 1.05042, 0.19406, 0.19406, 0.18475, 0.18475
1.88190, 1.04742, 1.04742, 0.19353, 0.19353, 0.18477, 0.18477
1.88849, 1.03554, 1.03554, 0.19094, 0.19094, 0.18439, 0.18439
1.89508, 1.02614, 1.02614, 0.18857, 0.18857, 0.18377, 0.18377
1.90168, 1.01590, 1.01590, 0.18589, 0.18589, 0.18299, 0.18299
1.90827, 1.00179, 1.00179, 0.18317, 0.18317, 0.18285, 0.18285
1.91487, 0.99274, 0.99274, 0.18072, 0.18072, 0.18204, 0.18204
1.92146, 0.99261, 0.99261, 0.18113, 0.18113, 0.18247, 0.18247
1.92806, 1.00162, 1.00162, 0.18260, 0.18260, 0.18230, 0.18230
1.93465, 1.00451, 1.00451, 0.18305, 0.18305, 0.18223, 0.18223
1.94125, 1.00798, 1.00798, 0.18330, 0.18330, 0.18185, 0.18185
1.94785, 1.01100, 1.01100, 0.18346, 0.18346, 0.18147, 0.18147
1.95444, 1.01452, 1.01452, 0.18447, 0.18447, 0.18183, 0.18183
1.96104, 1.01696, 1.01696, 0.18788, 0.18788, 0.18475, 0.18475
1.96764, 1.02132, 1.02132, 0.18971, 0.18971, 0.18575, 0.18575
1.97424, 1.02427, 1.02427, 0.18989, 0.18989, 0.18539, 0.18539
1.98084, 1.02906, 1.02906, 0.19070, 0.19070, 0.18531, 0.18531
1.98743, 1.02633, 1.02633, 0.18903, 0.18903, 0.18418, 0.18418
1.99403, 1.02678, 1.02678, 0.18810, 0.18810, 0.18320, 0.18320
2.00063, 1.02523, 1.02523, 0.18692, 0.18692, 0.18232, 0.18232
2.00723, 1.02924, 1.02924, 0.19062, 0.19062, 0.18520, 0.18520
2.01383, 1.02949, 1.02949, 0.19281, 0.19281, 0.18728, 0.18728
2.02043, 1.03134, 1.03134, 0.19370, 0.19370, 0.18781, 0.18781
2.02703, 1.03557, 1.03557, 0.19259, 0.19259, 0.18598, 0.18598
2.03363, 1.03367, 1.03367, 0.19249, 0.19249, 0.18622, 0.18622
2.04024, 1.03722, 1.03722, 0.19166, 0.19166, 0.18478, 0.18478
2.04684, 1.03591, 1.03591, 0.19053, 0.19053, 0.18393, 0.18393
2.05344, 1.03527, 1.03527, 0.19078, 0.19078, 0.18428, 0.18428
2.06004, 1.03602, 1.03602, 0.19195, 0.19195, 0.18528, 0.18528
2.06664, 1.03928, 1.03928, 0.19219, 0.19219, 0.18492, 0.18492
2.07325, 1.03544, 1.03544, 0.19246, 0.19246, 0.18588, 0.18588
2.07985, 1.03748, 1.03748, 0.19258, 0.19258, 0.18562, 0.18562
2.08645, 1.03819, 1.03819, 0.19199, 0.19199, 0.18493, 0.18493
2.09306, 1.03571, 1.03571, 0.19212, 0.19212, 0.18550, 0.18550
2.09966, 1.03612, 1.03612, 0.19243, 0.19243, 0.18572, 0.18572
2.10627, 1.03632, 1.03632, 0.19158, 0.19158, 0.18486, 0.18486
2.11287, 1.03973, 1.03973, 0.19180, 0.19180, 0.18447, 0.18447
2.11948, 1.03878, 1.03878, 0.19205, 0.19205, 0.18488, 0.18488
2.12608, 1.03928, 1.03928, 0.19153, 0.19153, 0.18429, 0.18429
2.13269, 1.04127, 1.04127, 0.19147, 0.19147, 0.18388, 0.18388
2.13930, 1.04194, 1.04194, 0.19207, 0.19207, 0.18434, 0.18434
2.14590, 1.04289, 1.04289, 0.19133, 0.19133, 0.18347, 0.18347
2.15251, 1.04211, 1.04211, 0.19174, 0.19174, 0.18400, 0.18400
2.15912, 1.04328, 1.04328, 0.19197, 0.19197, 0.18401, 0.18401
2.16572, 1.04104, 1.04104, 0.19137, 0.19137, 0.18383, 0.18383
2.17233, 1.04298, 1.04298, 0.19150, 0.19150, 0.18361, 0.18361
2.17894, 1.04053, 1.04053, 0.19160, 0.19160, 0.18414, 0.18414
2.18555, 1.04143, 1.04143, 0.19120, 0.19120, 0.18360, 0.18360
2.19216, 1.04001, 1.04001, 0.19077, 0.19077, 0.18343, 0.18343
2.19877, 1.03930, 1.03930, 0.19041, 0.19041, 0.18321, 0.18321
2.20538, 1.03949, 1.03949, 0.19030, 0.19030, 0.18307, 0.18307
2.21199, 1.03883, 1.03883, 0.19000, 0.19000, 0.18290, 0.18290
2.21860, 1.03731, 1.03731, 0.18962, 0.18962, 0.18280, 0.18280
2.22521, 1.03750, 1.03750, 0.18946, 0.18946, 0.18262, 0.18262
2.23182, 1.03812, 1.03812, 0.18926, 0.18926, 0.18231, 0.18231
2.23843, 1.03851, 1.03851, 0.18908, 0.18908, 0.18207, 0.18207
2.24504, 1.03679, 1.03679, 0.18919, 0.18919, 0.18247, 0.18247
2.25165, 1.03790, 1.03790, 0.18872, 0.18872, 0.18183, 0.18183
2.25827, 1.03702, 1.03702, 0.18851, 0.18851, 0.18178, 0.18178
2.26488, 1.03576, 1.03576, 0.18755, 0.18755, 0.18108, 0.18108
2.27149, 1.03798, 1.03798, 0.18796, 0.18796, 0.18108, 0.18108
2.27810, 1.03957, 1.03957, 0.18803, 0.18803, 0.18087, 0.18087
2.28472, 1.03942, 1.03942, 0.18726, 0.18726, 0.18015, 0.18015
2.29133, 1.03991, 1.03991, 0.18747, 0.18747, 0.18028, 0.18028
2.29795, 1.03833, 1.03833, 0.18685, 0.18685, 0.17995, 0.17995
2.30456, 1.04044, 1.04044, 0.18667, 0.18667, 0.17942, 0.17942
2.31118, 1.03806, 1.03806, 0.18660, 0.18660, 0.17976, 0.17976
2.31779, 1.03903, 1.03903, 0.18631, 0.18631, 0.17931, 0.17931
2.32441, 1.03766, 1.03766, 0.18633, 0.18633, 0.17957, 0.17957
2.33102, 1.03341, 1.03341, 0.18590, 0.18590, 0.17989, 0.17989
2.33764, 1.02908, 1.02908, 0.18512, 0.18512, 0.17989, 0.17989
2.34426, 1.02935, 1.02935, 0.18472, 0.18472, 0.17946, 0.17946
2.35087, 1.02897, 1.02897, 0.18423, 0.18423, 0.17905, 0.17905
2.35749, 1.02160, 1.02160, 0.18294, 0.18294, 0.17907, 0.17907
2.36411, 1.01508, 1.01508, 0.18171, 0.18171, 0.17901, 0.17901
2.37072, 1.01565, 1.01565, 0.18179, 0.18179, 0.17899, 0.17899
2.37734, 1.01054, 1.01054, 0.18027, 0.18027, 0.17839, 0.17839
2.38396, 1.00447, 1.00447, 0.17903, 0.17903, 0.17823, 0.17823
2.39058, 1.00181, 1.00181, 0.17827, 0.17827, 0.17794, 0.17794
2.39720, 0.99839, 0.99839, 0.17786, 0.17786, 0.17815, 0.17815
2.40382, 0.99225, 0.99225, 0.17690, 0.17690, 0.17828, 0.17828
2.41044, 0.98651, 0.98651, 0.17669, 0.17669, 0.17911, 0.17911
2.41706, 0.98505, 0.98505, 0.17623, 0.17623, 0.17890, 0.17890
2.42368, 0.98065, 0.98065, 0.17505, 0.17505, 0.17850, 0.17850
2.43030, 0.97406, 0.97406, 0.17451, 0.17451, 0.17916, 0.17916
2.43692, 0.96934, 0.96934, 0.17333, 0.17333, 0.17881, 0.17881
2.44354, 0.96745, 0.96745, 0.17313, 0.17313, 0.17895, 0.17895
2.45017, 0.96094, 0.96094, 0.17224, 0.17224, 0.17924, 0.17924
2.45679, 0.96023, 0.96023, 0.17147, 0.17147, 0.17857, 0.17857
2.46341, 0.95758, 0.95758, 0.17119, 0.17119, 0.17877, 0.17877
2.47003, 0.95695, 0.95695, 0.17038, 0.17038, 0.17805, 0.17805
2.47666, 0.95485, 0.95485, 0.16938, 0.16938, 0.17739, 0.17739
2.48328, 0.95254, 0.95254, 0.16858, 0.16858, 0.17698, 0.17698
2.48990, 0.95077, 0.95077, 0.16888, 0.16888, 0.17763, 0.17763
2.49653, 0.95171, 0.95171, 0.16918, 0.16918, 0.17776, 0.17776
2.50312, 0.95087, 0.95087, 0.16844, 0.16844, 0.17714, 0.17714
2.50972, 0.95286, 0.95286, 0.16865, 0.16865, 0.17699, 0.17699
2.51632, 0.95310, 0.95310, 0.16808, 0.16808, 0.17635, 0.17635
2.52292, 0.95430, 0.95430, 0.16795, 0.16795, 0.17599, 0.17599
2.52951, 0.95467, 0.95467, 0.16782, 0.16782, 0.17579, 0.17579
2.53611, 0.95736, 0.95736, 0.16761, 0.16761, 0.17507, 0.17507
2.54271, 0.95558, 0.95558, 0.16731, 0.16731, 0.17509, 0.17509
2.54931, 0.95981, 0.95981, 0.16719, 0.16719, 0.17419, 0.17419
2.55591, 0.95837, 0.95837, 0.16620, 0.16620, 0.17342, 0.17342
2.56251, 0.95733, 0.95733, 0.16635, 0.16635, 0.17376, 0.17376
2.56911, 0.95866, 0.95866, 0.16589, 0.16589, 0.17305, 0.17305
2.57571, 0.96039, 0.96039, 0.16576, 0.16576, 0.17260, 0.17260
2.58231, 0.97306, 0.97306, 0.16754, 0.16754, 0.17218, 0.17218
2.58891, 0.96273, 0.96273, 0.16598, 0.16598, 0.17241, 0.17241
2.59551, 0.95770, 0.95770, 0.16519, 0.16519, 0.17248, 0.17248
2.60212, 0.96069, 0.96069, 0.16443, 0.16443, 0.17116, 0.17116
2.60872, 0.95864, 0.95864, 0.16435, 0.16435, 0.17144, 0.17144
2.61532, 0.95365, 0.95365, 0.16422, 0.16422, 0.17220, 0.17220
2.62192, 0.94894, 0.94894, 0.16366, 0.16366, 0.17247, 0.17247
2.62853, 0.94521, 0.94521, 0.16199, 0.16199, 0.17138, 0.17138
2.63513, 0.94080, 0.94080, 0.16096, 0.16096, 0.17109, 0.17109
2.64174, 0.93821, 0.93821, 0.15849, 0.15849, 0.16893, 0.16893
2.64834, 0.93098, 0.93098, 0.15591, 0.15591, 0.16747, 0.16747
2.65495, 0.93029, 0.93029, 0.15085, 0.15085, 0.16215, 0.16215
2.84004, 0.88277, 0.88277, 0.04239, 0.04239, 0.04802, 0.04802
2.84666, 0.87836, 0.87836, 0.04196, 0.04196, 0.04777, 0.04777
2.85328, 0.86676, 0.86676, 0.04178, 0.04178, 0.04821, 0.04821
2.85989, 0.86489, 0.86489, 0.04224, 0.04224, 0.04884, 0.04884
2.86651, 0.86558, 0.86558, 0.04231, 0.04231, 0.04888, 0.04888
2.87313, 0.86310, 0.86310, 0.04213, 0.04213, 0.04881, 0.04881
2.87975, 0.86006, 0.86006, 0.04189, 0.04189, 0.04870, 0.04870
2.88636, 0.85664, 0.85664, 0.04177, 0.04177, 0.04876, 0.04876
2.89298, 0.85334, 0.85334, 0.04166, 0.04166, 0.04882, 0.04882
2.89960, 0.84284, 0.84284, 0.04115, 0.04115, 0.04882, 0.04882
2.90622, 0.83680, 0.83680, 0.04071, 0.04071, 0.04865, 0.04865
2.91284, 0.84008, 0.84008, 0.04042, 0.04042, 0.04811, 0.04811
2.91946, 0.84538, 0.84538, 0.04034, 0.04034, 0.04772, 0.04772
2.92608, 0.84724, 0.84724, 0.04044, 0.04044, 0.04773, 0.04773
2.93270, 0.84275, 0.84275, 0.04024, 0.04024, 0.04775, 0.04775
2.93932, 0.83977, 0.83977, 0.04002, 0.04002, 0.04766, 0.04766
2.94595, 0.84261, 0.84261, 0.04023, 0.04023, 0.04774, 0.04774
2.95257, 0.84651, 0.84651, 0.04076, 0.04076, 0.04815, 0.04815
2.95919, 0.84753, 0.84753, 0.04103, 0.04103, 0.04842, 0.04842
2.96581, 0.84111, 0.84111, 0.04119, 0.04119, 0.04898, 0.04898
2.97244, 0.83323, 0.83323, 0.04132, 0.04132, 0.04959, 0.04959
2.97906, 0.83076, 0.83076, 0.04136, 0.04136, 0.04978, 0.04978
2.98568, 0.83327, 0.83327, 0.04163, 0.04163, 0.04996, 0.04996
2.99231, 0.83663, 0.83663, 0.04180, 0.04180, 0.04996, 0.04996
2.99893, 0.83413, 0.83413, 0.04208, 0.04208, 0.05044, 0.05044
3.00556, 0.82652, 0.82652, 0.04215, 0.04215, 0.05100, 0.05100
3.01218, 0.81971, 0.81971, 0.04229, 0.04229, 0.05160, 0.05160
3.01881, 0.81647, 0.81647, 0.04264, 0.04264, 0.05222, 0.05222
3.02544, 0.81631, 0.81631, 0.04316, 0.04316, 0.05287, 0.05287
3.03206, 0.81873, 0.81873, 0.04354, 0.04354, 0.05319, 0.05319
3.03869, 0.81851, 0.81851, 0.04378, 0.04378, 0.05348, 0.05348
3.04532, 0.81627, 0.81627, 0.04371, 0.04371, 0.05355, 0.05355
3.05195, 0.81170, 0.81170, 0.04353, 0.04353, 0.05363, 0.05363
3.05857, 0.80945, 0.80945, 0.04324, 0.04324, 0.05343, 0.05343
3.06520, 0.81014, 0.81014, 0.04327, 0.04327, 0.05341, 0.05341
3.07183, 0.81208, 0.81208, 0.04342, 0.04342, 0.05347, 0.05347
3.07846, 0.81179, 0.81179, 0.04364, 0.04364, 0.05375, 0.05375
3.08509, 0.80853, 0.80853, 0.04378, 0.04378, 0.05414, 0.05414
3.09172, 0.80570, 0.80570, 0.04395, 0.04395, 0.05455, 0.05455
3.09835, 0.80322, 0.80322, 0.04431, 0.04431, 0.05517, 0.05517
3.10498, 0.79902, 0.79902, 0.04464, 0.04464, 0.05586, 0.05586
3.11161, 0.79357, 0.79357, 0.04472, 0.04472, 0.05635, 0.05635
3.11825, 0.79088, 0.79088, 0.04477, 0.04477, 0.05661, 0.05661
3.12488, 0.78924, 0.78924, 0.04468, 0.04468, 0.05661, 0.05661
3.13151, 0.78971, 0.78971, 0.04478, 0.04478, 0.05671, 0.05671
3.13814, 0.78753, 0.78753, 0.04483, 0.04483, 0.05692, 0.05692
3.14478, 0.78187, 0.78187, 0.04478, 0.04478, 0.05727, 0.05727
3.15141, 0.77876, 0.77876, 0.04531, 0.04531, 0.05819, 0.05819
3.15804, 0.78002, 0.78002, 0.04638, 0.04638, 0.05946, 0.05946
3.16468, 0.78202, 0.78202, 0.04750, 0.04750, 0.06074, 0.06074
3.17131, 0.78250, 0.78250, 0.04836, 0.04836, 0.06180, 0.06180
3.17795, 0.78233, 0.78233, 0.04906, 0.04906, 0.06271, 0.06271
3.18458, 0.77994, 0.77994, 0.04993, 0.04993, 0.06401, 0.06401
3.19122, 0.77780, 0.77780, 0.05073, 0.05073, 0.06522, 0.06522
3.19785, 0.77402, 0.77402, 0.05171, 0.05171, 0.06681, 0.06681
3.20449, 0.77313, 0.77313, 0.05262, 0.05262, 0.06807, 0.06807
3.21113, 0.77636, 0.77636, 0.05373, 0.05373, 0.06921, 0.06921
3.21776, 0.78288, 0.78288, 0.05503, 0.05503, 0.07029, 0.07029
3.22440, 0.78837, 0.78837, 0.05661, 0.05661, 0.07180, 0.07180
3.23104, 0.79002, 0.79002, 0.05771, 0.05771, 0.07306, 0.07306
3.23768, 0.79212, 0.79212, 0.05904, 0.05904, 0.07453, 0.07453
3.24432, 0.79735, 0.79735, 0.06051, 0.06051, 0.07589, 0.07589
3.25096, 0.80333, 0.80333, 0.06205, 0.06205, 0.07724, 0.07724
3.25760, 0.80635, 0.80635, 0.06317, 0.06317, 0.07835, 0.07835
3.26424, 0.80528, 0.80528, 0.06407, 0.06407, 0.07957, 0.07957
3.27088, 0.80368, 0.80368, 0.06515, 0.06515, 0.08107, 0.08107
3.27752, 0.80415, 0.80415, 0.06699, 0.06699, 0.08330, 0.08330
3.28416, 0.80574, 0.80574, 0.06920, 0.06920, 0.08588, 0.08588
3.29080, 0.81144, 0.81144, 0.07167, 0.07167, 0.08833, 0.08833
3.29744, 0.81857, 0.81857, 0.07381, 0.07381, 0.09018, 0.09018
3.30408, 0.82270, 0.82270, 0.07559, 0.07559, 0.09188, 0.09188
3.31073, 0.82162, 0.82162, 0.07753, 0.07753, 0.09436, 0.09436
3.31737, 0.82006, 0.82006, 0.07911, 0.07911, 0.09647, 0.09647
3.32401, 0.81982, 0.81982, 0.08047, 0.08047, 0.09815, 0.09815
3.33066, 0.81935, 0.81935, 0.08220, 0.08220, 0.10032, 0.10032
3.33730, 0.82295, 0.82295, 0.08446, 0.08446, 0.10264, 0.10264
3.34395, 0.82931, 0.82931, 0.08645, 0.08645, 0.10424, 0.10424
3.35059, 0.83489, 0.83489, 0.08823, 0.08823, 0.10568, 0.10568
3.35724, 0.83498, 0.83498, 0.08994, 0.08994, 0.10771, 0.10771
3.36388, 0.83386, 0.83386, 0.09192, 0.09192, 0.11023, 0.11023
3.37053, 0.83503, 0.83503, 0.09387, 0.09387, 0.11242, 0.11242
3.37717, 0.83742, 0.83742, 0.09561, 0.09561, 0.11418, 0.11418
3.38382, 0.83923, 0.83923, 0.09714, 0.09714, 0.11575, 0.11575
3.39047, 0.84256, 0.84256, 0.09893, 0.09893, 0.11741, 0.11741
3.39712, 0.84484, 0.84484, 0.10081, 0.10081, 0.11932, 0.11932
3.40376, 0.84405, 0.84405, 0.10280, 0.10280, 0.12179, 0.12179
3.41041, 0.84422, 0.84422, 0.10441, 0.10441, 0.12368, 0.12368
3.41706, 0.84438, 0.84438, 0.10591, 0.10591, 0.12543, 0.12543
3.42371, 0.84067, 0.84067, 0.10748, 0.10748, 0.12785, 0.12785
3.43036, 0.83829, 0.83829, 0.10943, 0.10943, 0.13055, 0.13055
3.43701, 0.84154, 0.84154, 0.11122, 0.11122, 0.13216, 0.13216
3.44366, 0.84668, 0.84668, 0.11250, 0.11250, 0.13288, 0.13288
3.45031, 0.85029, 0.85029, 0.11402, 0.11402, 0.13409, 0.13409
3.45696, 0.85045, 0.85045, 0.11619, 0.11619, 0.13662, 0.13662
3.46361, 0.84994, 0.84994, 0.11816, 0.11816, 0.13902, 0.13902
3.47026, 0.85026, 0.85026, 0.12003, 0.12003, 0.14117, 0.14117
3.47692, 0.85168, 0.85168, 0.12220, 0.12220, 0.14348, 0.14348
3.48357, 0.85204, 0.85204, 0.12427, 0.12427, 0.14584, 0.14584
3.49022, 0.85315, 0.85315, 0.12569, 0.12569, 0.14732, 0.14732
3.49687, 0.85491, 0.85491, 0.12754, 0.12754, 0.14919, 0.14919
3.50353, 0.85782, 0.85782, 0.13038, 0.13038, 0.15199, 0.15199
3.51018, 0.85964, 0.85964, 0.13338, 0.13338, 0.15516, 0.15516
3.51684, 0.86379, 0.86379, 0.13609, 0.13609, 0.15755, 0.15755
3.52349, 0.86676, 0.86676, 0.13970, 0.13970, 0.16117, 0.16117
3.53015, 0.86912, 0.86912, 0.14406, 0.14406, 0.16576, 0.16576
3.53680, 0.86920, 0.86920, 0.14730, 0.14730, 0.16947, 0.16947
3.54346, 0.87165, 0.87165, 0.14949, 0.14949, 0.17150, 0.17150
3.55011, 0.87761, 0.87761, 0.15257, 0.15257, 0.17385, 0.17385
3.55677, 0.88294, 0.88294, 0.15682, 0.15682, 0.17761, 0.17761
3.56343, 0.88678, 0.88678, 0.15955, 0.15955, 0.17992, 0.17992
3.57008, 0.89363, 0.89363, 0.16117, 0.16117, 0.18036, 0.18036
3.57674, 0.89724, 0.89724, 0.16406, 0.16406, 0.18285, 0.18285
3.58340, 0.89530, 0.89530, 0.16768, 0.16768, 0.18729, 0.18729
3.59006, 0.89109, 0.89109, 0.16986, 0.16986, 0.19062, 0.19062
3.59672, 0.88926, 0.88926, 0.17080, 0.17080, 0.19207, 0.19207
3.60338, 0.89112, 0.89112, 0.17293, 0.17293, 0.19406, 0.19406
3.61004, 0.89357, 0.89357, 0.17615, 0.17615, 0.19713, 0.19713
3.61670, 0.89529, 0.89529, 0.17786, 0.17786, 0.19866, 0.19866
3.62336, 0.89585, 0.89585, 0.17826, 0.17826, 0.19898, 0.19898
3.63002, 0.89559, 0.89559, 0.18015, 0.18015, 0.20115, 0.20115
3.63668, 0.89515, 0.89515, 0.18407, 0.18407, 0.20563, 0.20563
3.64334, 0.89645, 0.89645, 0.18620, 0.18620, 0.20771, 0.20771
3.65000, 0.89812, 0.89812, 0.18663, 0.18663, 0.20780, 0.20780
3.65667, 0.90073, 0.90073, 0.18876, 0.18876, 0.20956, 0.20956
3.66333, 0.90113, 0.90113, 0.19286, 0.19286, 0.21402, 0.21402
3.66999, 0.90011, 0.90011, 0.19528, 0.19528, 0.21696, 0.21696
3.67665, 0.89964, 0.89964, 0.19500, 0.19500, 0.21676, 0.21676
3.68332, 0.90088, 0.90088, 0.19669, 0.19669, 0.21833, 0.21833
3.68998, 0.90411, 0.90411, 0.20163, 0.20163, 0.22301, 0.22301
3.69665, 0.90838, 0.90838, 0.20552, 0.20552, 0.22624, 0.22624
3.70331, 0.90989, 0.90989, 0.20499, 0.20499, 0.22529, 0.22529
3.70998, 0.90850, 0.90850, 0.20461, 0.20461, 0.22522, 0.22522
3.71664, 0.90501, 0.90501, 0.20767, 0.20767, 0.22947, 0.22947
3.72331, 0.90130, 0.90130, 0.21057, 0.21057, 0.23363, 0.23363
3.72998, 0.90028, 0.90028, 0.21046, 0.21046, 0.23377, 0.23377
3.73664, 0.90325, 0.90325, 0.20987, 0.20987, 0.23235, 0.23235
3.74331, 0.90484, 0.90484, 0.21250, 0.21250, 0.23484, 0.23484
3.74998, 0.90596, 0.90596, 0.21647, 0.21647, 0.23894, 0.23894
3.75665, 0.90609, 0.90609, 0.21697, 0.21697, 0.23946, 0.23946
3.76331, 0.90496, 0.90496, 0.21431, 0.21431, 0.23681, 0.23681
3.76998, 0.90132, 0.90132, 0.21414, 0.21414, 0.23758, 0.23758
3.77665, 0.89916, 0.89916, 0.21830, 0.21830, 0.24278, 0.24278
3.78332, 0.89622, 0.89622, 0.22057, 0.22057, 0.24611, 0.24611
3.78999, 0.89597, 0.89597, 0.21880, 0.21880, 0.24421, 0.24421
3.79666, 0.89967, 0.89967, 0.21829, 0.21829, 0.24264, 0.24264
3.80333, 0.90220, 0.90220, 0.22196, 0.22196, 0.24602, 0.24602
3.81000, 0.89934, 0.89934, 0.22507, 0.22507, 0.25026, 0.25026
3.81667, 0.89245, 0.89245, 0.22290, 0.22290, 0.24976, 0.24976
3.82335, 0.88878, 0.88878, 0.21997, 0.21997, 0.24750, 0.24750
3.83002, 0.88836, 0.88836, 0.22129, 0.22129, 0.24910, 0.24910
3.83669, 0.88801, 0.88801, 0.22616, 0.22616, 0.25468, 0.25468
3.84336, 0.88869, 0.88869, 0.22924, 0.22924, 0.25795, 0.25795
3.85004, 0.89162, 0.89162, 0.22758, 0.22758, 0.25525, 0.25525
3.85671, 0.89425, 0.89425, 0.22507, 0.22507, 0.25168, 0.25168
3.86339, 0.89507, 0.89507, 0.22754, 0.22754, 0.25422, 0.25422
3.87006, 0.89012, 0.89012, 0.23221, 0.23221, 0.26087, 0.26087
3.87673, 0.89073, 0.89073, 0.23542, 0.23542, 0.26430, 0.26430
3.88341, 0.89958, 0.89958, 0.23640, 0.23640, 0.26278, 0.26278
3.89008, 0.90842, 0.90842, 0.23767, 0.23767, 0.26163, 0.26163
3.89676, 0.91045, 0.91045, 0.24326, 0.24326, 0.26718, 0.26718
