0.43613, 1.00603, 1.00603, 0.05027, 0.05027, 0.04997, 0.04997
0.44263, 1.00707, 1.00707, 0.05095, 0.05095, 0.05060, 0.05060
0.44914, 1.00521, 1.00521, 0.05335, 0.05335, 0.05307, 0.05307
0.45564, 1.00569, 1.00569, 0.05721, 0.05721, 0.05689, 0.05689
0.46215, 1.00270, 1.00270, 0.05813, 0.05813, 0.05798, 0.05798
0.46865, 1.00407, 1.00407, 0.06167, 0.06167, 0.06142, 0.06142
0.47516, 1.00355, 1.00355, 0.06391, 0.06391, 0.06368, 0.06368
0.48167, 1.00247, 1.00247, 0.06766, 0.06766, 0.06749, 0.06749
0.48817, 1.00431, 1.00431, 0.06987, 0.06987, 0.06957, 0.06957
0.49468, 1.00243, 1.00243, 0.07351, 0.07351, 0.07333, 0.07333
0.50119, 1.00330, 1.00330, 0.07702, 0.07702, 0.07676, 0.07676
0.50770, 1.00225, 1.00225, 0.07949, 0.07949, 0.07931, 0.07931
0.51421, 1.00181, 1.00181, 0.08286, 0.08286, 0.08271, 0.08271
0.52072, 1.00066, 1.00066, 0.08727, 0.08727, 0.08721, 0.08721
0.52723, 1.00069, 1.00069, 0.08943, 0.08943, 0.08936, 0.08936
0.53374, 1.00023, 1.00023, 0.09543, 0.09543, 0.09541, 0.09541
0.54025, 1.00097, 1.00097, 0.09951, 0.09951, 0.09942, 0.09942
0.54676, 1.00241, 1.00241, 0.10314, 0.10314, 0.10289, 0.10289
0.55327, 1.00179, 1.00179, 0.10916, 0.10916, 0.10896, 0.10896
0.55978, 1.00099, 1.00099, 0.11768, 0.11768, 0.11756, 0.11756
0.56629, 1.00108, 1.00108, 0.12657, 0.12657, 0.12643, 0.12643
0.57281, 1.00195, 1.00195, 0.13490, 0.13490, 0.13464, 0.13464
0.57932, 1.00092, 1.00092, 0.14120, 0.14120, 0.14107, 0.14107
0.58583, 1.00074, 1.00074, 0.15078, 0.15078, 0.15067, 0.15067
0.59235, 1.00183, 1.00183, 0.15739, 0.15739, 0.15710, 0.15710
0.59886, 1.00259, 1.00259, 0.16190, 0.16190, 0.16149, 0.16149
0.60538, 1.00179, 1.00179, 0.16447, 0.16447, 0.16417, 0.16417
0.61189, 1.00304, 1.00304, 0.17356, 0.17356, 0.17303, 0.17303
0.61841, 1.00334, 1.00334, 0.17505, 0.17505, 0.17447, 0.17447
0.62492, 1.00233, 1.00233, 0.18188, 0.18188, 0.18146, 0.18146
0.63144, 1.00203, 1.00203, 0.18523, 0.18523, 0.18486, 0.18486
0.70968, 1.00678, 1.00678, 0.20141, 0.20141, 0.20006, 0.20006
0.71620, 1.00817, 1.00817, 0.20166, 0.20166, 0.20002, 0.20002
0.72272, 1.00961, 1.00961, 0.20669, 0.20669, 0.20472, 0.20472
0.72925, 1.00879, 1.00936, 0.21085, 0.20912, 0.20902, 0.20718
0.73577, 1.00899, 1.00958, 0.20653, 0.20477, 0.20469, 0.20282
0.74230, 1.00729, 1.00791, 0.20440, 0.20258, 0.20292, 0.20099
0.74882, 1.00799, 1.00863, 0.20321, 0.20133, 0.20160, 0.19961
0.75535, 1.00985, 1.01052, 0.20450, 0.20253, 0.20251, 0.20042
0.76187, 1.00858, 1.00928, 0.20567, 0.20362, 0.20392, 0.20174
0.76840, 1.00819, 1.00891, 0.20574, 0.20360, 0.20407, 0.20180
0.77492, 1.00809, 1.00884, 0.20819, 0.20594, 0.20652, 0.20414
0.78145, 1.00816, 1.00894, 0.20616, 0.20384, 0.20449, 0.20204
0.78798, 1.00786, 1.00866, 0.20555, 0.20315, 0.20395, 0.20141
0.79451, 1.00670, 1.00754, 0.20394, 0.20147, 0.20258, 0.19996
0.80104, 1.00612, 1.00699, 0.20287, 0.20032, 0.20163, 0.19893
0.80756, 1.00491, 1.00581, 0.20257, 0.19994, 0.20158, 0.19878
0.81409, 1.00486, 1.00580, 0.20391, 0.20116, 0.20292, 0.20000
0.82062, 1.00436, 1.00533, 0.20525, 0.20238, 0.20436, 0.20131
0.82715, 1.00386, 1.00486, 0.20335, 0.20041, 0.20257, 0.19944
0.83368, 1.00331, 1.00434, 0.20386, 0.20080, 0.20319, 0.19993
0.84022, 1.00181, 1.00288, 0.20372, 0.20055, 0.20335, 0.19998
0.84675, 1.00045, 1.00155, 0.20190, 0.19865, 0.20181, 0.19834
0.85328, 1.00006, 1.00120, 0.20087, 0.19752, 0.20085, 0.19729
0.85981, 0.99964, 1.00082, 0.19761, 0.19420, 0.19768, 0.19404
0.86634, 0.99829, 0.99951, 0.20164, 0.19805, 0.20199, 0.19815
0.87288, 0.99710, 0.99836, 0.19890, 0.19524, 0.19948, 0.19556
0.87941, 0.99622, 0.99752, 0.19589, 0.19217, 0.19663, 0.19264
0.88595, 0.99606, 0.99740, 0.19566, 0.19181, 0.19643, 0.19231
0.89248, 0.99507, 0.99646, 0.19747, 0.19346, 0.19844, 0.19415
0.89902, 0.99568, 0.99712, 0.19501, 0.19093, 0.19586, 0.19148
0.90555, 0.99420, 0.99567, 0.19278, 0.18861, 0.19391, 0.18943
0.91209, 0.99360, 0.99513, 0.19170, 0.18742, 0.19293, 0.18833
0.91862, 0.99242, 0.99399, 0.19294, 0.18850, 0.19441, 0.18964
0.92516, 0.99246, 0.99408, 0.19142, 0.18688, 0.19288, 0.18799
0.93170, 0.99170, 0.99336, 0.18819, 0.18358, 0.18976, 0.18480
0.93824, 0.99146, 0.99318, 0.18777, 0.18302, 0.18938, 0.18428
0.94477, 0.99174, 0.99351, 0.18827, 0.18337, 0.18984, 0.18457
0.95131, 0.99001, 0.99183, 0.18906, 0.18399, 0.19097, 0.18550
0.95785, 0.99004, 0.99192, 0.18816, 0.18297, 0.19006, 0.18446
0.96439, 0.99072, 0.99265, 0.18803, 0.18268, 0.18979, 0.18403
0.97093, 0.99047, 0.99246, 0.18551, 0.18008, 0.18730, 0.18145
0.97747, 0.98840, 0.99044, 0.18454, 0.17898, 0.18671, 0.18070
0.98401, 0.98973, 0.99184, 0.18074, 0.17513, 0.18261, 0.17657
0.99055, 0.98856, 0.99073, 0.18071, 0.17495, 0.18280, 0.17658
0.99710, 0.98976, 0.99199, 0.18024, 0.17433, 0.18211, 0.17573
1.00364, 0.98782, 0.99011, 0.18024, 0.17416, 0.18246, 0.17590
1.01018, 0.99033, 0.99269, 0.17706, 0.17092, 0.17879, 0.17217
1.04720, 0.99167, 0.99167, 0.17565, 0.17565, 0.17712, 0.17712
1.05375, 0.99232, 0.99232, 0.17553, 0.17553, 0.17689, 0.17689
1.06030, 0.99283, 0.99283, 0.17613, 0.17613, 0.17741, 0.17741
1.06685, 0.99222, 0.99222, 0.17534, 0.17534, 0.17671, 0.17671
1.07341, 0.99347, 0.99347, 0.17503, 0.17503, 0.17618, 0.17618
1.07996, 0.99423, 0.99423, 0.17412, 0.17412, 0.17513, 0.17513
1.08651, 0.99416, 0.99416, 0.17470, 0.17470, 0.17573, 0.17573
1.09307, 0.99479, 0.99479, 0.17524, 0.17524, 0.17615, 0.17615
1.09962, 0.99506, 0.99506, 0.17676, 0.17676, 0.17764, 0.17764
1.10617, 0.99564, 0.99564, 0.17722, 0.17722, 0.17799, 0.17799
1.11273, 0.99630, 0.99630, 0.17713, 0.17713, 0.17779, 0.17779
1.11928, 0.99753, 0.99753, 0.17796, 0.17796, 0.17840, 0.17840
1.12584, 0.99843, 0.99843, 0.17820, 0.17820, 0.17848, 0.17848
1.13239, 0.99990, 0.99990, 0.17872, 0.17872, 0.17874, 0.17874
1.13895, 0.99922, 0.99922, 0.17841, 0.17841, 0.17855, 0.17855
1.14551, 0.99997, 0.99997, 0.17864, 0.17864, 0.17865, 0.17865
1.15206, 1.00151, 1.00151, 0.17920, 0.17920, 0.17893, 0.17893
1.15862, 1.00254, 1.00254, 0.17879, 0.17879, 0.17834, 0.17834
1.16518, 1.00175, 1.00175, 0.17887, 0.17887, 0.17855, 0.17855
1.17173, 1.00268, 1.00268, 0.17907, 0.17907, 0.17859, 0.17859
1.17829, 1.00272, 1.00272, 0.17857, 0.17857, 0.17808, 0.17808
1.18485, 1.00287, 1.00287, 0.17921, 0.17921, 0.17870, 0.17870
1.19141, 1.00350, 1.00350, 0.18054, 0.18054, 0.17991, 0.17991
1.19797, 1.00497, 1.00497, 0.17869, 0.17869, 0.17780, 0.17780
1.20453, 1.00407, 1.00407, 0.17814, 0.17814, 0.17741, 0.17741
1.21109, 1.00462, 1.00462, 0.17863, 0.17863, 0.17781, 0.17781
1.21765, 1.00493, 1.00493, 0.17778, 0.17778, 0.17691, 0.17691
1.22421, 1.00512, 1.00512, 0.17788, 0.17788, 0.17697, 0.17697
1.23077, 1.00593, 1.00593, 0.17904, 0.17904, 0.17799, 0.17799
1.23733, 1.00573, 1.00573, 0.17918, 0.17918, 0.17816, 0.17816
1.24389, 1.00522, 1.00522, 0.17945, 0.17945, 0.17852, 0.17852
1.25045, 1.00609, 1.00609, 0.18025, 0.18025, 0.17916, 0.17916
1.25701, 1.00640, 1.00640, 0.17915, 0.17915, 0.17801, 0.17801
1.26357, 1.00651, 1.00651, 0.17987, 0.17987, 0.17870, 0.17870
1.27014, 1.00738, 1.00738, 0.18122, 0.18122, 0.17989, 0.17989
1.27670, 1.00899, 1.00899, 0.18111, 0.18111, 0.17950, 0.17950
1.28326, 1.00828, 1.00828, 0.18094, 0.18094, 0.17945, 0.17945
1.28983, 1.00780, 1.00780, 0.18159, 0.18159, 0.18019, 0.18019
1.29639, 1.00860, 1.00860, 0.18200, 0.18200, 0.18045, 0.18045
1.30295, 1.00800, 1.00800, 0.18202, 0.18202, 0.18057, 0.18057
1.30952, 1.01024, 1.01024, 0.18118, 0.18118, 0.17935, 0.17935
1.31608, 1.01081, 1.01081, 0.18109, 0.18109, 0.17916, 0.17916
1.32265, 1.00947, 1.00947, 0.18290, 0.18290, 0.18118, 0.18118
1.32921, 1.00971, 1.00971, 0.18333, 0.18333, 0.18157, 0.18157
1.33578, 1.01010, 1.01010, 0.18370, 0.18370, 0.18186, 0.18186
1.34234, 1.01225, 1.01225, 0.18413, 0.18413, 0.18190, 0.18190
1.34891, 1.01122, 1.01122, 0.18467, 0.18467, 0.18262, 0.18262
1.35548, 1.01093, 1.01093, 0.18550, 0.18550, 0.18350, 0.18350
1.36205, 1.01233, 1.01233, 0.18595, 0.18595, 0.18368, 0.18368
1.36861, 1.01331, 1.01331, 0.18502, 0.18502, 0.18259, 0.18259
1.37518, 1.01440, 1.01440, 0.18534, 0.18534, 0.18271, 0.18271
1.38175, 1.01507, 1.01507, 0.18591, 0.18591, 0.18315, 0.18315
1.38832, 1.01560, 1.01560, 0.18531, 0.18531, 0.18246, 0.18246
1.39489, 1.01753, 1.01753, 0.18655, 0.18655, 0.18333, 0.18333
1.40145, 1.01611, 1.01611, 0.18651, 0.18651, 0.18356, 0.18356
1.40802, 1.01620, 1.01620, 0.18696, 0.18696, 0.18398, 0.18398
1.41459, 1.01735, 1.01735, 0.18752, 0.18752, 0.18432, 0.18432
1.42116, 1.02030, 1.02030, 0.18911, 0.18911, 0.18535, 0.18535
1.42773, 1.01950, 1.01950, 0.18811, 0.18811, 0.18451, 0.18451
1.43431, 1.01882, 1.01882, 0.18755, 0.18755, 0.18409, 0.18409
1.44088, 1.02131, 1.02131, 0.18669, 0.18669, 0.18280, 0.18280
1.44745, 1.02108, 1.02108, 0.18920, 0.18920, 0.18530, 0.18530
1.45402, 1.02105, 1.02105, 0.18932, 0.18932, 0.18542, 0.18542
1.46059, 1.02273, 1.02273, 0.18984, 0.18984, 0.18562, 0.18562
1.46716, 1.02381, 1.02381, 0.18966, 0.18966, 0.18525, 0.18525
1.47374, 1.02474, 1.02474, 0.18940, 0.18940, 0.18483, 0.18483
1.48031, 1.02437, 1.02437, 0.18955, 0.18955, 0.18504, 0.18504
1.48688, 1.02573, 1.02573, 0.18831, 0.18831, 0.18359, 0.18359
1.49346, 1.02625, 1.02625, 0.19061, 0.19061, 0.18573, 0.18573
1.50003, 1.02832, 1.02832, 0.18956, 0.18956, 0.18434, 0.18434
1.50661, 1.02684, 1.02684, 0.18881, 0.18881, 0.18388, 0.18388
1.51318, 1.02782, 1.02782, 0.19035, 0.19035, 0.18519, 0.18519
1.51976, 1.02740, 1.02740, 0.19061, 0.19061, 0.18553, 0.18553
1.52633, 1.03104, 1.03104, 0.19150, 0.19150, 0.18573, 0.18573
1.53291, 1.03074, 1.03074, 0.19106, 0.19106, 0.18537, 0.18537
1.53948, 1.02984, 1.02984, 0.19106, 0.19106, 0.18552, 0.18552
1.54606, 1.03154, 1.03154, 0.19261, 0.19261, 0.18672, 0.18672
1.55264, 1.03206, 1.03206, 0.19248, 0.19248, 0.18650, 0.18650
1.55921, 1.03387, 1.03387, 0.19243, 0.19243, 0.18612, 0.18612
1.56579, 1.03342, 1.03342, 0.19231, 0.19231, 0.18609, 0.18609
1.57237, 1.03554, 1.03554, 0.19104, 0.19104, 0.18449, 0.18449
1.57895, 1.03428, 1.03428, 0.19217, 0.19217, 0.18580, 0.18580
1.58552, 1.03417, 1.03417, 0.19303, 0.19303, 0.18665, 0.18665
1.59210, 1.03367, 1.03367, 0.19127, 0.19127, 0.18504, 0.18504
1.59868, 1.03574, 1.03574, 0.19136, 0.19136, 0.18476, 0.18476
1.60526, 1.03665, 1.03665, 0.19128, 0.19128, 0.18452, 0.18452
1.61184, 1.03504, 1.03504, 0.19184, 0.19184, 0.18534, 0.18534
1.61842, 1.03669, 1.03669, 0.19260, 0.19260, 0.18579, 0.18579
1.62500, 1.03581, 1.03581, 0.19327, 0.19327, 0.18659, 0.18659
1.63158, 1.03872, 1.03872, 0.19400, 0.19400, 0.18677, 0.18677
1.63816, 1.03619, 1.03619, 0.19288, 0.19288, 0.18615, 0.18615
1.64474, 1.03685, 1.03685, 0.19327, 0.19327, 0.18640, 0.18640
1.67107, 1.03673, 1.03673, 0.19320, 0.19320, 0.18635, 0.18635
1.67766, 1.03724, 1.03724, 0.19248, 0.19248, 0.18557, 0.18557
1.68424, 1.03763, 1.03763, 0.19203, 0.19203, 0.18507, 0.18507
1.69082, 1.03508, 1.03508, 0.19208, 0.19208, 0.18557, 0.18557
1.69741, 1.03716, 1.03716, 0.19245, 0.19245, 0.18556, 0.18556
1.70399, 1.03741, 1.03741, 0.19272, 0.19272, 0.18577, 0.18577
1.71058, 1.03597, 1.03597, 0.19243, 0.19243, 0.18575, 0.18575
1.71716, 1.03549, 1.03549, 0.19212, 0.19212, 0.18553, 0.18553
1.72375, 1.03573, 1.03573, 0.19245, 0.19245, 0.18581, 0.18581
1.73033, 1.03572, 1.03572, 0.19197, 0.19197, 0.18535, 0.18535
1.73692, 1.03363, 1.03363, 0.19160, 0.19160, 0.18536, 0.18536
1.74351, 1.03548, 1.03548, 0.19180, 0.19180, 0.18523, 0.18523
1.75009, 1.03364, 1.03364, 0.19184, 0.19184, 0.18559, 0.18559
1.75668, 1.03469, 1.03469, 0.19146, 0.19146, 0.18504, 0.18504
1.76327, 1.03414, 1.03414, 0.19123, 0.19123, 0.18492, 0.18492
1.76985, 1.03496, 1.03496, 0.19117, 0.19117, 0.18471, 0.18471
1.77644, 1.03373, 1.03373, 0.19061, 0.19061, 0.18439, 0.18439
1.78303, 1.03442, 1.03442, 0.19074, 0.19074, 0.18439, 0.18439
1.78962, 1.03257, 1.03257, 0.19031, 0.19031, 0.18431, 0.18431
1.79621, 1.03325, 1.03325, 0.19052, 0.19052, 0.18439, 0.18439
1.80280, 1.03226, 1.03226, 0.19072, 0.19072, 0.18476, 0.18476
1.80939, 1.03089, 1.03089, 0.19054, 0.19054, 0.18483, 0.18483
1.81598, 1.03078, 1.03078, 0.19062, 0.19062, 0.18493, 0.18493
1.82257, 1.02963, 1.02963, 0.19017, 0.19017, 0.18470, 0.18470
1.82916, 1.03131, 1.03131, 0.19031, 0.19031, 0.18453, 0.18453
1.83575, 1.03010, 1.03010, 0.18993, 0.18993, 0.18438, 0.18438
1.84234, 1.02931, 1.02931, 0.18985, 0.18985, 0.18444, 0.18444
1.84893, 1.02872, 1.02872, 0.18947, 0.18947, 0.18418, 0.18418
1.85552, 1.02915, 1.02915, 0.18956, 0.18956, 0.18419, 0.18419
1.86212, 1.03115, 1.03115, 0.18954, 0.18954, 0.18381, 0.18381
1.86871, 1.02729, 1.02729, 0.18949, 0.18949, 0.18446, 0.18446
1.87530, 1.02679, 1.02679, 0.18932, 0.18932, 0.18438, 0.18438
1.88190, 1.02797, 1.02797, 0.18914, 0.18914, 0.18399, 0.18399
1.88849, 1.02550, 1.02550, 0.18890, 0.18890, 0.18420, 0.18420
1.89508, 1.02617, 1.02617, 0.18855, 0.18855, 0.18374, 0.18374
1.90168, 1.02425, 1.02425, 0.18833, 0.18833, 0.18387, 0.18387
1.90827, 1.02720, 1.02720, 0.18793, 0.18793, 0.18295, 0.18295
1.91487, 1.02316, 1.02316, 0.18798, 0.18798, 0.18373, 0.18373
1.92146, 1.02205, 1.02205, 0.18769, 0.18769, 0.18364, 0.18364
1.92806, 1.02437, 1.02437, 0.18745, 0.18745, 0.18299, 0.18299
1.93465, 1.02402, 1.02402, 0.18804, 0.18804, 0.18363, 0.18363
1.94125, 1.02148, 1.02148, 0.18894, 0.18894, 0.18497, 0.18497
1.94785, 1.02066, 1.02066, 0.18942, 0.18942, 0.18559, 0.18559
1.95444, 1.02153, 1.02153, 0.18845, 0.18845, 0.18447, 0.18447
1.96104, 1.02386, 1.02386, 0.18787, 0.18787, 0.18350, 0.18350
1.96764, 1.02152, 1.02152, 0.18820, 0.18820, 0.18423, 0.18423
1.97424, 1.02285, 1.02285, 0.18801, 0.18801, 0.18381, 0.18381
1.98084, 1.01905, 1.01905, 0.18709, 0.18709, 0.18359, 0.18359
1.98743, 1.02131, 1.02131, 0.18659, 0.18659, 0.18270, 0.18270
1.99403, 1.02247, 1.02247, 0.18741, 0.18741, 0.18329, 0.18329
2.00063, 1.02095, 1.02095, 0.18702, 0.18702, 0.18318, 0.18318
2.00723, 1.01905, 1.01905, 0.18668, 0.18668, 0.18319, 0.18319
2.01383, 1.02015, 1.02015, 0.18925, 0.18925, 0.18551, 0.18551
2.02043, 1.01934, 1.01934, 0.19078, 0.19078, 0.18716, 0.18716
2.02703, 1.01959, 1.01959, 0.18960, 0.18960, 0.18595, 0.18595
2.03363, 1.01983, 1.01983, 0.18808, 0.18808, 0.18442, 0.18442
2.04024, 1.01758, 1.01758, 0.18656, 0.18656, 0.18333, 0.18333
2.04684, 1.01909, 1.01909, 0.18604, 0.18604, 0.18256, 0.18256
2.05344, 1.01935, 1.01935, 0.18497, 0.18497, 0.18146, 0.18146
2.06004, 1.01813, 1.01813, 0.18482, 0.18482, 0.18153, 0.18153
2.06664, 1.01833, 1.01833, 0.18539, 0.18539, 0.18206, 0.18206
2.07325, 1.01761, 1.01761, 0.18598, 0.18598, 0.18276, 0.18276
2.07985, 1.01493, 1.01493, 0.18555, 0.18555, 0.18282, 0.18282
2.08645, 1.01567, 1.01567, 0.18497, 0.18497, 0.18212, 0.18212
2.09306, 1.01749, 1.01749, 0.18503, 0.18503, 0.18185, 0.18185
2.09966, 1.01678, 1.01678, 0.18416, 0.18416, 0.18112, 0.18112
2.10627, 1.01639, 1.01639, 0.18357, 0.18357, 0.18061, 0.18061
2.11287, 1.01657, 1.01657, 0.18257, 0.18257, 0.17959, 0.17959
2.11948, 1.01857, 1.01857, 0.18261, 0.18261, 0.17928, 0.17928
2.12608, 1.01750, 1.01750, 0.18164, 0.18164, 0.17852, 0.17852
2.13269, 1.01734, 1.01734, 0.18115, 0.18115, 0.17806, 0.17806
2.13930, 1.01700, 1.01700, 0.18131, 0.18131, 0.17828, 0.17828
2.14590, 1.01730, 1.01730, 0.18077, 0.18077, 0.17769, 0.17769
2.15251, 1.01849, 1.01849, 0.18098, 0.18098, 0.17770, 0.17770
2.15912, 1.01725, 1.01725, 0.18071, 0.18071, 0.17765, 0.17765
2.16572, 1.01802, 1.01802, 0.18064, 0.18064, 0.17744, 0.17744
2.17233, 1.01731, 1.01731, 0.18063, 0.18063, 0.17756, 0.17756
2.17894, 1.01778, 1.01778, 0.18036, 0.18036, 0.17721, 0.17721
2.18555, 1.01795, 1.01795, 0.17990, 0.17990, 0.17673, 0.17673
2.19216, 1.01691, 1.01691, 0.17996, 0.17996, 0.17696, 0.17696
2.19877, 1.01794, 1.01794, 0.17935, 0.17935, 0.17618, 0.17618
2.20538, 1.01692, 1.01692, 0.17939, 0.17939, 0.17640, 0.17640
2.21199, 1.01746, 1.01746, 0.17931, 0.17931, 0.17623, 0.17623
2.21860, 1.01727, 1.01727, 0.17903, 0.17903, 0.17599, 0.17599
2.22521, 1.01815, 1.01815, 0.17896, 0.17896, 0.17577, 0.17577
2.23182, 1.01701, 1.01701, 0.17872, 0.17872, 0.17573, 0.17573
2.23843, 1.01499, 1.01499, 0.17823, 0.17823, 0.17559, 0.17559
2.24504, 1.01740, 1.01740, 0.17862, 0.17862, 0.17557, 0.17557
2.25165, 1.01846, 1.01846, 0.17849, 0.17849, 0.17526, 0.17526
2.25827, 1.01797, 1.01797, 0.17829, 0.17829, 0.17514, 0.17514
2.26488, 1.01839, 1.01839, 0.17794, 0.17794, 0.17472, 0.17472
2.27149, 1.01783, 1.01783, 0.17826, 0.17826, 0.17514, 0.17514
2.27810, 1.01743, 1.01743, 0.17803, 0.17803, 0.17498, 0.17498
2.28472, 1.01893, 1.01893, 0.17830, 0.17830, 0.17499, 0.17499
2.29133, 1.02007, 1.02007, 0.17858, 0.17858, 0.17507, 0.17507
2.29795, 1.01661, 1.01661, 0.17848, 0.17848, 0.17557, 0.17557
2.30456, 1.01828, 1.01828, 0.17819, 0.17819, 0.17500, 0.17500
2.31118, 1.01943, 1.01943, 0.17829, 0.17829, 0.17489, 0.17489
2.31779, 1.01796, 1.01796, 0.17769, 0.17769, 0.17455, 0.17455
2.32441, 1.01947, 1.01947, 0.17756, 0.17756, 0.17417, 0.17417
2.33102, 1.01819, 1.01819, 0.17697, 0.17697, 0.17380, 0.17380
2.33764, 1.02022, 1.02022, 0.17770, 0.17770, 0.17417, 0.17417
2.34426, 1.01988, 1.01988, 0.17737, 0.17737, 0.17391, 0.17391
2.35087, 1.02199, 1.02199, 0.17749, 0.17749, 0.17367, 0.17367
2.35749, 1.02113, 1.02113, 0.17736, 0.17736, 0.17369, 0.17369
2.36411, 1.02045, 1.02045, 0.17715, 0.17715, 0.17360, 0.17360
2.37072, 1.02223, 1.02223, 0.17725, 0.17725, 0.17339, 0.17339
2.37734, 1.02204, 1.02204, 0.17704, 0.17704, 0.17323, 0.17323
2.38396, 1.02202, 1.02202, 0.17691, 0.17691, 0.17310, 0.17310
2.39058, 1.02349, 1.02349, 0.17673, 0.17673, 0.17268, 0.17268
2.39720, 1.02324, 1.02324, 0.17722, 0.17722, 0.17319, 0.17319
2.40382, 1.02171, 1.02171, 0.17722, 0.17722, 0.17345, 0.17345
2.41044, 1.02342, 1.02342, 0.17805, 0.17805, 0.17398, 0.17398
2.41706, 1.02454, 1.02454, 0.17842, 0.17842, 0.17415, 0.17415
2.42368, 1.02536, 1.02536, 0.17759, 0.17759, 0.17320, 0.17320
2.43030, 1.02722, 1.02722, 0.17790, 0.17790, 0.17318, 0.17318
2.43692, 1.02622, 1.02622, 0.17792, 0.17792, 0.17337, 0.17337
2.44354, 1.02657, 1.02657, 0.17822, 0.17822, 0.17360, 0.17360
2.45017, 1.02811, 1.02811, 0.17830, 0.17830, 0.17343, 0.17343
2.45679, 1.03104, 1.03104, 0.17782, 0.17782, 0.17247, 0.17247
2.46341, 1.02852, 1.02852, 0.17802, 0.17802, 0.17309, 0.17309
2.47003, 1.02912, 1.02912, 0.17771, 0.17771, 0.17268, 0.17268
2.47666, 1.03027, 1.03027, 0.17739, 0.17739, 0.17218, 0.17218
2.48328, 1.03033, 1.03033, 0.17705, 0.17705, 0.17184, 0.17184
2.48990, 1.03077, 1.03077, 0.17746, 0.17746, 0.17216, 0.17216
2.49653, 1.03331, 1.03331, 0.17820, 0.17820, 0.17246, 0.17246
2.50312, 1.03215, 1.03215, 0.17803, 0.17803, 0.17248, 0.17248
2.50972, 1.03498, 1.03498, 0.17840, 0.17840, 0.17237, 0.17237
2.51632, 1.03411, 1.03411, 0.17794, 0.17794, 0.17207, 0.17207
2.52292, 1.03593, 1.03593, 0.17773, 0.17773, 0.17156, 0.17156
2.52951, 1.03461, 1.03461, 0.17733, 0.17733, 0.17139, 0.17139
2.53611, 1.03600, 1.03600, 0.17672, 0.17672, 0.17058, 0.17058
2.54271, 1.03675, 1.03675, 0.17668, 0.17668, 0.17041, 0.17041
2.54931, 1.03896, 1.03896, 0.17636, 0.17636, 0.16975, 0.16975
2.55591, 1.03923, 1.03923, 0.17616, 0.17616, 0.16951, 0.16951
2.56251, 1.03911, 1.03911, 0.17625, 0.17625, 0.16962, 0.16962
2.56911, 1.04055, 1.04055, 0.17579, 0.17579, 0.16894, 0.16894
2.57571, 1.04115, 1.04115, 0.17622, 0.17622, 0.16925, 0.16925
2.58231, 1.03828, 1.03828, 0.17630, 0.17630, 0.16980, 0.16980
2.58891, 1.04268, 1.04268, 0.17637, 0.17637, 0.16915, 0.16915
2.59551, 1.04543, 1.04543, 0.17635, 0.17635, 0.16868, 0.16868
2.60212, 1.04470, 1.04470, 0.17535, 0.17535, 0.16785, 0.16785
2.60872, 1.04827, 1.04827, 0.17587, 0.17587, 0.16778, 0.16778
2.61532, 1.04616, 1.04616, 0.17579, 0.17579, 0.16804, 0.16804
2.62192, 1.04877, 1.04877, 0.17658, 0.17658, 0.16837, 0.16837
2.62853, 1.04837, 1.04837, 0.17556, 0.17556, 0.16746, 0.16746
2.63513, 1.04949, 1.04949, 0.17528, 0.17528, 0.16701, 0.16701
2.64174, 1.04999, 1.04999, 0.17371, 0.17371, 0.16544, 0.16544
2.64834, 1.04721, 1.04721, 0.17290, 0.17290, 0.16511, 0.16511
2.65495, 1.05117, 1.05117, 0.17101, 0.17101, 0.16269, 0.16269
2.84004, 0.99699, 0.99699, 0.07238, 0.07238, 0.07260, 0.07260
2.84666, 0.99507, 0.99507, 0.07061, 0.07061, 0.07096, 0.07096
2.85328, 0.99538, 0.99538, 0.06887, 0.06887, 0.06919, 0.06919
2.85989, 0.99645, 0.99645, 0.06744, 0.06744, 0.06768, 0.06768
2.86651, 0.99479, 0.99479, 0.06601, 0.06601, 0.06636, 0.06636
2.87313, 0.99121, 0.99121, 0.06489, 0.06489, 0.06547, 0.06547
2.87975, 0.98928, 0.98928, 0.06418, 0.06418, 0.06488, 0.06488
2.88636, 0.99100, 0.99100, 0.06387, 0.06387, 0.06445, 0.06445
2.89298, 0.99443, 0.99443, 0.06365, 0.06365, 0.06401, 0.06401
2.89960, 0.99712, 0.99712, 0.06340, 0.06340, 0.06358, 0.06358
2.90622, 0.99877, 0.99877, 0.06295, 0.06295, 0.06303, 0.06303
2.91284, 0.99944, 0.99944, 0.06272, 0.06272, 0.06275, 0.06275
2.91946, 0.99550, 0.99550, 0.06244, 0.06244, 0.06272, 0.06272
2.92608, 0.99191, 0.99191, 0.06211, 0.06211, 0.06262, 0.06262
2.93270, 0.99263, 0.99263, 0.06201, 0.06201, 0.06247, 0.06247
2.93932, 0.99154, 0.99154, 0.06171, 0.06171, 0.06224, 0.06224
2.94595, 0.99016, 0.99016, 0.06181, 0.06181, 0.06242, 0.06242
2.95257, 0.99046, 0.99046, 0.06223, 0.06223, 0.06283, 0.06283
2.95919, 0.99271, 0.99271, 0.06253, 0.06253, 0.06299, 0.06299
2.96581, 0.99189, 0.99189, 0.06290, 0.06290, 0.06341, 0.06341
2.97244, 0.99017, 0.99017, 0.06322, 0.06322, 0.06384, 0.06384
2.97906, 0.99116, 0.99116, 0.06363, 0.06363, 0.06420, 0.06420
2.98568, 0.99317, 0.99317, 0.06411, 0.06411, 0.06455, 0.06455
2.99231, 0.99240, 0.99240, 0.06441, 0.06441, 0.06490, 0.06490
2.99893, 0.98862, 0.98862, 0.06497, 0.06497, 0.06571, 0.06571
3.00556, 0.98657, 0.98657, 0.06545, 0.06545, 0.06634, 0.06634
3.01218, 0.98729, 0.98729, 0.06612, 0.06612, 0.06697, 0.06697
3.01881, 0.98908, 0.98908, 0.06686, 0.06686, 0.06760, 0.06760
3.02544, 0.99226, 0.99226, 0.06764, 0.06764, 0.06816, 0.06816
3.03206, 0.99711, 0.99711, 0.06831, 0.06831, 0.06851, 0.06851
3.03869, 1.00006, 1.00006, 0.06885, 0.06885, 0.06884, 0.06884
3.04532, 0.99781, 0.99781, 0.06853, 0.06853, 0.06868, 0.06868
3.05195, 0.99528, 0.99528, 0.06844, 0.06844, 0.06876, 0.06876
3.05857, 0.99479, 0.99479, 0.06866, 0.06866, 0.06902, 0.06902
3.06520, 0.99539, 0.99539, 0.06855, 0.06855, 0.06887, 0.06887
3.07183, 0.99477, 0.99477, 0.06864, 0.06864, 0.06900, 0.06900
3.07846, 0.99439, 0.99439, 0.06909, 0.06909, 0.06948, 0.06948
3.08509, 0.99640, 0.99640, 0.06979, 0.06979, 0.07004, 0.07004
3.09172, 0.99991, 0.99991, 0.07058, 0.07058, 0.07059, 0.07059
3.09835, 1.00016, 1.00016, 0.07139, 0.07139, 0.07138, 0.07138
3.10498, 0.99777, 0.99777, 0.07189, 0.07189, 0.07205, 0.07205
3.11161, 0.99558, 0.99558, 0.07242, 0.07242, 0.07274, 0.07274
3.11825, 0.99346, 0.99346, 0.07290, 0.07290, 0.07338, 0.07338
3.12488, 0.99104, 0.99104, 0.07311, 0.07311, 0.07377, 0.07377
3.13151, 0.99369, 0.99369, 0.07330, 0.07330, 0.07377, 0.07377
3.13814, 0.99839, 0.99839, 0.07360, 0.07360, 0.07371, 0.07371
3.14478, 1.00455, 1.00455, 0.07429, 0.07429, 0.07396, 0.07396
3.15141, 1.00673, 1.00673, 0.07518, 0.07518, 0.07468, 0.07468
3.15804, 1.00461, 1.00461, 0.07641, 0.07641, 0.07606, 0.07606
3.16468, 1.00168, 1.00168, 0.07771, 0.07771, 0.07758, 0.07758
3.17131, 1.00061, 1.00061, 0.07874, 0.07874, 0.07870, 0.07870
3.17795, 1.00246, 1.00246, 0.07990, 0.07990, 0.07971, 0.07971
3.18458, 1.00468, 1.00468, 0.08135, 0.08135, 0.08097, 0.08097
3.19122, 1.00441, 1.00441, 0.08266, 0.08266, 0.08230, 0.08230
3.19785, 1.00155, 1.00155, 0.08410, 0.08410, 0.08397, 0.08397
3.20449, 0.99897, 0.99897, 0.08542, 0.08542, 0.08550, 0.08550
3.21113, 0.99938, 0.99938, 0.08652, 0.08652, 0.08657, 0.08657
3.21776, 1.00242, 1.00242, 0.08817, 0.08817, 0.08795, 0.08795
3.22440, 1.00532, 1.00532, 0.08997, 0.08997, 0.08950, 0.08950
3.23104, 1.00578, 1.00578, 0.09160, 0.09160, 0.09108, 0.09108
3.23768, 1.00560, 1.00560, 0.09298, 0.09298, 0.09246, 0.09246
3.24432, 1.00553, 1.00553, 0.09479, 0.09479, 0.09427, 0.09427
3.25096, 1.00505, 1.00505, 0.09629, 0.09629, 0.09581, 0.09581
3.25760, 1.00543, 1.00543, 0.09746, 0.09746, 0.09693, 0.09693
3.26424, 1.00727, 1.00727, 0.09860, 0.09860, 0.09789, 0.09789
3.27088, 1.00739, 1.00739, 0.10035, 0.10035, 0.09961, 0.09961
3.27752, 1.00485, 1.00485, 0.10263, 0.10263, 0.10213, 0.10213
3.28416, 1.00382, 1.00382, 0.10541, 0.10541, 0.10500, 0.10500
3.29080, 1.00715, 1.00715, 0.10868, 0.10868, 0.10791, 0.10791
3.29744, 1.01095, 1.01095, 0.11115, 0.11115, 0.10995, 0.10995
3.30408, 1.01117, 1.01117, 0.11323, 0.11323, 0.11198, 0.11198
3.31073, 1.01149, 1.01149, 0.11568, 0.11568, 0.11436, 0.11436
3.31737, 1.01195, 1.01195, 0.11818, 0.11818, 0.11678, 0.11678
3.32401, 1.01174, 1.01174, 0.12002, 0.12002, 0.11863, 0.11863
3.33066, 1.01109, 1.01109, 0.12224, 0.12224, 0.12090, 0.12090
3.33730, 1.01007, 1.01007, 0.12465, 0.12465, 0.12341, 0.12341
3.34395, 1.01072, 1.01072, 0.12696, 0.12696, 0.12562, 0.12562
3.35059, 1.01151, 1.01151, 0.12922, 0.12922, 0.12774, 0.12774
3.35724, 1.01327, 1.01327, 0.13177, 0.13177, 0.13004, 0.13004
3.36388, 1.01397, 1.01397, 0.13433, 0.13433, 0.13248, 0.13248
3.37053, 1.01268, 1.01268, 0.13618, 0.13618, 0.13448, 0.13448
3.37717, 1.01003, 1.01003, 0.13808, 0.13808, 0.13671, 0.13671
3.38382, 1.00962, 1.00962, 0.14013, 0.14013, 0.13879, 0.13879
3.39047, 1.01223, 1.01223, 0.14215, 0.14215, 0.14044, 0.14044
3.39712, 1.01501, 1.01501, 0.14469, 0.14469, 0.14255, 0.14255
3.40376, 1.01551, 1.01551, 0.14749, 0.14749, 0.14523, 0.14523
3.41041, 1.01633, 1.01633, 0.15001, 0.15001, 0.14760, 0.14760
3.41706, 1.01802, 1.01802, 0.15191, 0.15191, 0.14922, 0.14922
3.42371, 1.01877, 1.01877, 0.15366, 0.15366, 0.15083, 0.15083
3.43036, 1.01894, 1.01894, 0.15671, 0.15671, 0.15380, 0.15380
3.43701, 1.01964, 1.01964, 0.15894, 0.15894, 0.15588, 0.15588
3.44366, 1.01979, 1.01979, 0.16009, 0.16009, 0.15699, 0.15699
3.45031, 1.01847, 1.01847, 0.16154, 0.16154, 0.15861, 0.15861
3.45696, 1.01795, 1.01795, 0.16408, 0.16408, 0.16119, 0.16119
3.46361, 1.01909, 1.01909, 0.16645, 0.16645, 0.16333, 0.16333
3.47026, 1.01976, 1.01976, 0.16886, 0.16886, 0.16559, 0.16559
3.47692, 1.01874, 1.01874, 0.17239, 0.17239, 0.16922, 0.16922
3.48357, 1.01828, 1.01828, 0.17565, 0.17565, 0.17249, 0.17249
3.49022, 1.01822, 1.01822, 0.17708, 0.17708, 0.17392, 0.17392
3.49687, 1.01870, 1.01870, 0.17906, 0.17906, 0.17578, 0.17578
3.50353, 1.02059, 1.02059, 0.18269, 0.18269, 0.17901, 0.17901
3.51018, 1.02227, 1.02227, 0.18664, 0.18664, 0.18257, 0.18257
3.51684, 1.02417, 1.02417, 0.18976, 0.18976, 0.18528, 0.18528
3.52349, 1.02412, 1.02412, 0.19381, 0.19381, 0.18925, 0.18925
3.53015, 1.02197, 1.02197, 0.19846, 0.19846, 0.19419, 0.19419
3.53680, 1.02079, 1.02079, 0.20201, 0.20201, 0.19789, 0.19789
3.54346, 1.01986, 1.01986, 0.20418, 0.20418, 0.20020, 0.20020
3.55011, 1.01945, 1.01945, 0.20773, 0.20773, 0.20376, 0.20376
3.55677, 1.02027, 1.02027, 0.21310, 0.21310, 0.20886, 0.20886
3.56343, 1.02271, 1.02271, 0.21683, 0.21683, 0.21202, 0.21202
3.57008, 1.02518, 1.02518, 0.21816, 0.21816, 0.21280, 0.21280
3.57674, 1.02489, 1.02489, 0.22143, 0.22143, 0.21605, 0.21605
3.58340, 1.02209, 1.02209, 0.22612, 0.22612, 0.22124, 0.22124
3.59006, 1.02077, 1.02077, 0.22937, 0.22937, 0.22470, 0.22470
3.59672, 1.02212, 1.02212, 0.23046, 0.23046, 0.22547, 0.22547
3.60338, 1.02341, 1.02341, 0.23292, 0.23292, 0.22760, 0.22760
3.61004, 1.02345, 1.02345, 0.23702, 0.23702, 0.23159, 0.23159
3.61670, 1.02276, 1.02276, 0.23874, 0.23874, 0.23342, 0.23342
3.62336, 1.02106, 1.02106, 0.23885, 0.23885, 0.23392, 0.23392
3.63002, 1.01937, 1.01937, 0.24150, 0.24150, 0.23691, 0.23691
3.63668, 1.02009, 1.02009, 0.24729, 0.24729, 0.24242, 0.24242
3.64334, 1.02150, 1.02150, 0.25038, 0.25038, 0.24511, 0.24511
3.65000, 1.02182, 1.02182, 0.25067, 0.25067, 0.24532, 0.24532
3.65667, 1.02114, 1.02114, 0.25370, 0.25370, 0.24845, 0.24845
3.66333, 1.02158, 1.02158, 0.25973, 0.25973, 0.25425, 0.25425
3.66999, 1.02249, 1.02249, 0.26215, 0.26215, 0.25638, 0.25638
3.67665, 1.02350, 1.02350, 0.26170, 0.26170, 0.25569, 0.25569
3.68332, 1.02208, 1.02208, 0.26393, 0.26393, 0.25823, 0.25823
3.68998, 1.02373, 1.02373, 0.27069, 0.27069, 0.26442, 0.26442
3.69665, 1.02375, 1.02375, 0.27544, 0.27544, 0.26904, 0.26904
3.70331, 1.02181, 1.02181, 0.27516, 0.27516, 0.26929, 0.26929
3.70998, 1.02196, 1.02196, 0.27533, 0.27533, 0.26941, 0.26941
3.71664, 1.02123, 1.02123, 0.28006, 0.28006, 0.27424, 0.27424
3.72331, 1.02175, 1.02175, 0.28543, 0.28543, 0.27936, 0.27936
3.72998, 1.02110, 1.02110, 0.28610, 0.28610, 0.28019, 0.28019
3.73664, 1.02025, 1.02025, 0.28593, 0.28593, 0.28026, 0.28026
3.74331, 1.01843, 1.01843, 0.29022, 0.29022, 0.28497, 0.28497
3.74998, 1.01732, 1.01732, 0.29554, 0.29554, 0.29051, 0.29051
3.75665, 1.01875, 1.01875, 0.29648, 0.29648, 0.29103, 0.29103
3.76331, 1.01816, 1.01816, 0.29423, 0.29423, 0.28898, 0.28898
3.76998, 1.01814, 1.01814, 0.29681, 0.29681, 0.29153, 0.29153
3.77665, 1.01834, 1.01834, 0.30391, 0.30391, 0.29843, 0.29843
3.78332, 1.01873, 1.01873, 0.30804, 0.30804, 0.30238, 0.30238
3.78999, 1.01771, 1.01771, 0.30647, 0.30647, 0.30114, 0.30114
3.79666, 1.01891, 1.01891, 0.30685, 0.30685, 0.30115, 0.30115
3.80333, 1.02129, 1.02129, 0.31332, 0.31332, 0.30678, 0.30678
3.81000, 1.02204, 1.02204, 0.31948, 0.31948, 0.31259, 0.31259
3.81667, 1.01941, 1.01941, 0.31832, 0.31832, 0.31226, 0.31226
3.82335, 1.01802, 1.01802, 0.31558, 0.31558, 0.30999, 0.30999
3.83002, 1.01556, 1.01556, 0.31773, 0.31773, 0.31287, 0.31287
3.83669, 1.01572, 1.01572, 0.32562, 0.32562, 0.32058, 0.32058
3.84336, 1.01452, 1.01452, 0.32953, 0.32953, 0.32481, 0.32481
3.85004, 1.01570, 1.01570, 0.32703, 0.32703, 0.32197, 0.32197
3.85671, 1.01769, 1.01769, 0.32498, 0.32498, 0.31933, 0.31933
3.86339, 1.01822, 1.01822, 0.32937, 0.32937, 0.32348, 0.32348
3.87006, 1.01767, 1.01767, 0.33816, 0.33816, 0.33229, 0.33229
3.87673, 1.01920, 1.01920, 0.34286, 0.34286, 0.33640, 0.33640
3.88341, 1.01939, 1.01939, 0.34244, 0.34244, 0.33592, 0.33592
3.89008, 1.01808, 1.01808, 0.34301, 0.34301, 0.33692, 0.33692
3.89676, 1.01594, 1.01594, 0.34988, 0.34988, 0.34440, 0.34440
