0.43613, 1.55226, 1.55226, 0.07877, 0.07877, 0.05074, 0.05074
0.44263, 1.55311, 1.55311, 0.07868, 0.07868, 0.05066, 0.05066
0.44914, 1.56335, 1.56335, 0.08187, 0.08187, 0.05237, 0.05237
0.45564, 1.56532, 1.56532, 0.08452, 0.08452, 0.05400, 0.05400
0.46215, 1.56998, 1.56998, 0.08583, 0.08583, 0.05467, 0.05467
0.46865, 1.58115, 1.58115, 0.08974, 0.08974, 0.05675, 0.05675
0.47516, 1.59670, 1.59670, 0.09430, 0.09430, 0.05905, 0.05905
0.48167, 1.61263, 1.61263, 0.09854, 0.09854, 0.06110, 0.06110
0.48817, 1.63305, 1.63305, 0.10121, 0.10121, 0.06197, 0.06197
0.49468, 1.64352, 1.64352, 0.10759, 0.10759, 0.06546, 0.06546
0.50119, 1.64681, 1.64681, 0.10980, 0.10980, 0.06667, 0.06667
0.50770, 1.66526, 1.66526, 0.11590, 0.11590, 0.06960, 0.06960
0.51421, 1.68699, 1.68699, 0.11927, 0.11927, 0.07070, 0.07070
0.52072, 1.70507, 1.70507, 0.12518, 0.12518, 0.07342, 0.07342
0.52723, 1.71855, 1.71855, 0.12937, 0.12937, 0.07528, 0.07528
0.53374, 1.72329, 1.72329, 0.13736, 0.13736, 0.07970, 0.07970
0.54025, 1.73663, 1.73663, 0.14157, 0.14157, 0.08152, 0.08152
0.54676, 1.75166, 1.75166, 0.14793, 0.14793, 0.08445, 0.08445
0.55327, 1.76408, 1.76408, 0.15545, 0.15545, 0.08812, 0.08812
0.55978, 1.78478, 1.78478, 0.16610, 0.16610, 0.09306, 0.09306
0.56629, 1.77908, 1.77908, 0.18137, 0.18137, 0.10194, 0.10194
0.57281, 1.78376, 1.78376, 0.18815, 0.18815, 0.10548, 0.10548
0.57932, 1.79094, 1.79094, 0.19806, 0.19806, 0.11059, 0.11059
0.58583, 1.79165, 1.79165, 0.21088, 0.21088, 0.11770, 0.11770
0.59235, 1.79692, 1.79692, 0.21497, 0.21497, 0.11963, 0.11963
0.59886, 1.79650, 1.79650, 0.21897, 0.21897, 0.12189, 0.12189
0.60538, 1.80199, 1.80199, 0.21929, 0.21929, 0.12169, 0.12169
0.61189, 1.80421, 1.80421, 0.22788, 0.22788, 0.12630, 0.12630
0.61841, 1.80744, 1.80744, 0.23123, 0.23123, 0.12793, 0.12793
0.62492, 1.82165, 1.82165, 0.23945, 0.23945, 0.13144, 0.13144
0.63144, 1.81047, 1.81047, 0.24512, 0.24512, 0.13539, 0.13539
0.70968, 1.83818, 1.83818, 0.24776, 0.24776, 0.13479, 0.13479
0.71620, 1.82648, 1.82648, 0.24641, 0.24641, 0.13491, 0.13491
0.72272, 1.81914, 1.81914, 0.24965, 0.24965, 0.13723, 0.13723
0.72925, 1.78792, 1.80432, 0.25118, 0.24792, 0.14049, 0.13740
0.73577, 1.77666, 1.79363, 0.24408, 0.24078, 0.13738, 0.13424
0.74230, 1.76982, 1.78741, 0.23926, 0.23590, 0.13519, 0.13198
0.74882, 1.75486, 1.77301, 0.23722, 0.23375, 0.13517, 0.13183
0.75535, 1.73853, 1.75723, 0.23603, 0.23244, 0.13576, 0.13227
0.76187, 1.72624, 1.74554, 0.23497, 0.23126, 0.13612, 0.13248
0.76840, 1.71499, 1.73492, 0.23150, 0.22769, 0.13498, 0.13124
0.77492, 1.70342, 1.72398, 0.23099, 0.22705, 0.13560, 0.13170
0.78145, 1.68889, 1.71006, 0.22644, 0.22242, 0.13407, 0.13007
0.78798, 1.67846, 1.70030, 0.22332, 0.21922, 0.13305, 0.12893
0.79451, 1.66456, 1.68703, 0.21926, 0.21508, 0.13172, 0.12749
0.80104, 1.65577, 1.67896, 0.21701, 0.21271, 0.13106, 0.12669
0.80756, 1.64432, 1.66819, 0.21505, 0.21063, 0.13078, 0.12626
0.81409, 1.63316, 1.65773, 0.21483, 0.21026, 0.13154, 0.12684
0.82062, 1.62109, 1.64636, 0.21291, 0.20822, 0.13134, 0.12647
0.82715, 1.61447, 1.64054, 0.21058, 0.20578, 0.13043, 0.12543
0.83368, 1.60817, 1.63505, 0.20896, 0.20402, 0.12994, 0.12478
0.84022, 1.60084, 1.62855, 0.20776, 0.20267, 0.12978, 0.12445
0.84675, 1.59539, 1.62396, 0.20461, 0.19943, 0.12825, 0.12280
0.85328, 1.58928, 1.61872, 0.20089, 0.19563, 0.12640, 0.12085
0.85981, 1.58705, 1.61744, 0.20190, 0.19643, 0.12721, 0.12144
0.86634, 1.58141, 1.61272, 0.20211, 0.19646, 0.12780, 0.12182
0.87288, 1.57377, 1.60597, 0.19957, 0.19380, 0.12681, 0.12067
0.87941, 1.57365, 1.60691, 0.19550, 0.18966, 0.12423, 0.11803
0.88595, 1.56910, 1.60335, 0.19547, 0.18944, 0.12457, 0.11815
0.89248, 1.56288, 1.59809, 0.19741, 0.19112, 0.12631, 0.11959
0.89902, 1.56637, 1.60280, 0.19294, 0.18660, 0.12318, 0.11642
0.90555, 1.56211, 1.59960, 0.19045, 0.18399, 0.12192, 0.11502
0.91209, 1.55663, 1.59517, 0.18892, 0.18231, 0.12136, 0.11429
0.91862, 1.55651, 1.59625, 0.18979, 0.18293, 0.12193, 0.11460
0.92516, 1.54903, 1.58981, 0.18671, 0.17976, 0.12053, 0.11307
0.93170, 1.54438, 1.58628, 0.18377, 0.17672, 0.11899, 0.11140
0.93824, 1.54239, 1.58551, 0.18124, 0.17408, 0.11751, 0.10979
0.94477, 1.53086, 1.57495, 0.18182, 0.17442, 0.11877, 0.11075
0.95131, 1.52666, 1.57194, 0.18079, 0.17321, 0.11842, 0.11019
0.95785, 1.52041, 1.56684, 0.17816, 0.17047, 0.11718, 0.10880
0.96439, 1.50918, 1.55662, 0.17658, 0.16873, 0.11700, 0.10840
0.97093, 1.50386, 1.55251, 0.17363, 0.16569, 0.11546, 0.10672
0.97747, 1.49511, 1.54487, 0.17070, 0.16267, 0.11417, 0.10530
0.98401, 1.48716, 1.53807, 0.16590, 0.15787, 0.11155, 0.10264
0.99055, 1.47305, 1.52490, 0.16362, 0.15548, 0.11108, 0.10196
0.99710, 1.45939, 1.51221, 0.16279, 0.15446, 0.11154, 0.10214
1.00364, 1.45553, 1.50968, 0.16002, 0.15160, 0.10994, 0.10042
1.01018, 1.46286, 1.51878, 0.15600, 0.14757, 0.10664, 0.09716
1.04720, 1.42934, 1.42934, 0.14931, 0.14931, 0.10446, 0.10446
1.05375, 1.43696, 1.43696, 0.14881, 0.14881, 0.10356, 0.10356
1.06030, 1.44189, 1.44189, 0.14893, 0.14893, 0.10329, 0.10329
1.06685, 1.44675, 1.44675, 0.14797, 0.14797, 0.10227, 0.10227
1.07341, 1.44716, 1.44716, 0.14711, 0.14711, 0.10165, 0.10165
1.07996, 1.44979, 1.44979, 0.14629, 0.14629, 0.10091, 0.10091
1.08651, 1.45179, 1.45179, 0.14622, 0.14622, 0.10072, 0.10072
1.09307, 1.45685, 1.45685, 0.14782, 0.14782, 0.10147, 0.10147
1.09962, 1.45831, 1.45831, 0.14828, 0.14828, 0.10168, 0.10168
1.10617, 1.46374, 1.46374, 0.14954, 0.14954, 0.10216, 0.10216
1.11273, 1.46967, 1.46967, 0.14895, 0.14895, 0.10135, 0.10135
1.11928, 1.47464, 1.47464, 0.14991, 0.14991, 0.10166, 0.10166
1.12584, 1.47566, 1.47566, 0.14987, 0.14987, 0.10156, 0.10156
1.13239, 1.48162, 1.48162, 0.15066, 0.15066, 0.10168, 0.10168
1.13895, 1.48454, 1.48454, 0.15086, 0.15086, 0.10162, 0.10162
1.14551, 1.49090, 1.49090, 0.15148, 0.15148, 0.10160, 0.10160
1.15206, 1.49379, 1.49379, 0.15156, 0.15156, 0.10146, 0.10146
1.15862, 1.50163, 1.50163, 0.15206, 0.15206, 0.10126, 0.10126
1.16518, 1.50151, 1.50151, 0.15224, 0.15224, 0.10139, 0.10139
1.17173, 1.50707, 1.50707, 0.15298, 0.15298, 0.10151, 0.10151
1.17829, 1.51042, 1.51042, 0.15253, 0.15253, 0.10099, 0.10099
1.18485, 1.51082, 1.51082, 0.15364, 0.15364, 0.10169, 0.10169
1.19141, 1.51345, 1.51345, 0.15021, 0.15021, 0.09925, 0.09925
1.19797, 1.51774, 1.51774, 0.15194, 0.15194, 0.10010, 0.10010
1.20453, 1.52379, 1.52379, 0.15105, 0.15105, 0.09913, 0.09913
1.21109, 1.52639, 1.52639, 0.15196, 0.15196, 0.09955, 0.09955
1.21765, 1.53119, 1.53119, 0.15173, 0.15173, 0.09909, 0.09909
1.22421, 1.53030, 1.53030, 0.15158, 0.15158, 0.09905, 0.09905
1.23077, 1.53568, 1.53568, 0.15292, 0.15292, 0.09958, 0.09958
1.23733, 1.53892, 1.53892, 0.15328, 0.15328, 0.09960, 0.09960
1.24389, 1.54016, 1.54016, 0.15393, 0.15393, 0.09994, 0.09994
1.25045, 1.54099, 1.54099, 0.15424, 0.15424, 0.10009, 0.10009
1.25701, 1.54489, 1.54489, 0.15430, 0.15430, 0.09987, 0.09987
1.26357, 1.54519, 1.54519, 0.15518, 0.15518, 0.10043, 0.10043
1.27014, 1.55265, 1.55265, 0.15711, 0.15711, 0.10119, 0.10119
1.27670, 1.55936, 1.55936, 0.15689, 0.15689, 0.10061, 0.10061
1.28326, 1.56011, 1.56011, 0.15732, 0.15732, 0.10084, 0.10084
1.28983, 1.57107, 1.57107, 0.15849, 0.15849, 0.10088, 0.10088
1.29639, 1.58010, 1.58010, 0.15925, 0.15925, 0.10078, 0.10078
1.30295, 1.57926, 1.57926, 0.15933, 0.15933, 0.10089, 0.10089
1.30952, 1.59375, 1.59375, 0.16006, 0.16006, 0.10043, 0.10043
1.31608, 1.59047, 1.59047, 0.15989, 0.15989, 0.10053, 0.10053
1.32265, 1.60067, 1.60067, 0.16179, 0.16179, 0.10108, 0.10108
1.32921, 1.60418, 1.60418, 0.16218, 0.16218, 0.10110, 0.10110
1.33578, 1.61677, 1.61677, 0.16388, 0.16388, 0.10136, 0.10136
1.34234, 1.61752, 1.61752, 0.16403, 0.16403, 0.10141, 0.10141
1.34891, 1.62978, 1.62978, 0.16442, 0.16442, 0.10089, 0.10089
1.35548, 1.63664, 1.63664, 0.16554, 0.16554, 0.10114, 0.10114
1.36205, 1.65270, 1.65270, 0.16651, 0.16651, 0.10075, 0.10075
1.36861, 1.65867, 1.65867, 0.16600, 0.16600, 0.10008, 0.10008
1.37518, 1.66500, 1.66500, 0.16750, 0.16750, 0.10060, 0.10060
1.38175, 1.68183, 1.68183, 0.16929, 0.16929, 0.10066, 0.10066
1.38832, 1.68885, 1.68885, 0.17013, 0.17013, 0.10073, 0.10073
1.39489, 1.70233, 1.70233, 0.17202, 0.17202, 0.10105, 0.10105
1.40145, 1.71283, 1.71283, 0.17356, 0.17356, 0.10133, 0.10133
1.40802, 1.72277, 1.72277, 0.17393, 0.17393, 0.10096, 0.10096
1.41459, 1.73685, 1.73685, 0.17688, 0.17688, 0.10184, 0.10184
1.42116, 1.74991, 1.74991, 0.17834, 0.17834, 0.10191, 0.10191
1.42773, 1.76300, 1.76300, 0.17899, 0.17899, 0.10152, 0.10152
1.43431, 1.77609, 1.77609, 0.18169, 0.18169, 0.10229, 0.10229
1.44088, 1.79341, 1.79341, 0.18302, 0.18302, 0.10205, 0.10205
1.44745, 1.81116, 1.81116, 0.18651, 0.18651, 0.10297, 0.10297
1.45402, 1.82797, 1.82797, 0.18743, 0.18743, 0.10253, 0.10253
1.46059, 1.84028, 1.84028, 0.18950, 0.18950, 0.10297, 0.10297
1.46716, 1.85333, 1.85333, 0.19131, 0.19131, 0.10322, 0.10322
1.47374, 1.87136, 1.87136, 0.19387, 0.19387, 0.10359, 0.10359
1.48031, 1.88569, 1.88569, 0.19546, 0.19546, 0.10366, 0.10366
1.48688, 1.90591, 1.90591, 0.19737, 0.19737, 0.10355, 0.10355
1.49346, 1.92094, 1.92094, 0.19934, 0.19934, 0.10377, 0.10377
1.50003, 1.93393, 1.93393, 0.20064, 0.20064, 0.10374, 0.10374
1.50661, 1.94680, 1.94680, 0.20121, 0.20121, 0.10335, 0.10335
1.51318, 1.97464, 1.97464, 0.20579, 0.20579, 0.10421, 0.10421
1.51976, 1.99030, 1.99030, 0.20773, 0.20773, 0.10437, 0.10437
1.52633, 2.01775, 2.01775, 0.21091, 0.21091, 0.10453, 0.10453
1.53291, 2.03894, 2.03894, 0.21267, 0.21267, 0.10430, 0.10430
1.53948, 2.05182, 2.05182, 0.21381, 0.21381, 0.10420, 0.10420
1.54606, 2.05885, 2.05885, 0.21709, 0.21709, 0.10544, 0.10544
1.55264, 2.07772, 2.07772, 0.21912, 0.21912, 0.10546, 0.10546
1.55921, 2.09338, 2.09338, 0.21997, 0.21997, 0.10508, 0.10508
1.56579, 2.10956, 2.10956, 0.21907, 0.21907, 0.10384, 0.10384
1.57237, 2.12393, 2.12393, 0.22142, 0.22142, 0.10425, 0.10425
1.57895, 2.13789, 2.13789, 0.22375, 0.22375, 0.10466, 0.10466
1.58552, 2.15615, 2.15615, 0.22658, 0.22658, 0.10508, 0.10508
1.59210, 2.17137, 2.17137, 0.22760, 0.22760, 0.10481, 0.10481
1.59868, 2.18197, 2.18197, 0.22935, 0.22935, 0.10511, 0.10511
1.60526, 2.19780, 2.19780, 0.23058, 0.23058, 0.10491, 0.10491
1.61184, 2.21401, 2.21401, 0.23298, 0.23298, 0.10523, 0.10523
1.61842, 2.22349, 2.22349, 0.23498, 0.23498, 0.10568, 0.10568
1.62500, 2.23656, 2.23656, 0.23626, 0.23626, 0.10563, 0.10563
1.63158, 2.23665, 2.23665, 0.23714, 0.23714, 0.10602, 0.10602
1.63816, 2.24756, 2.24756, 0.23922, 0.23922, 0.10643, 0.10643
1.64474, 2.26761, 2.26761, 0.24172, 0.24172, 0.10660, 0.10660
1.67107, 2.28096, 2.28096, 0.24121, 0.24121, 0.10575, 0.10575
1.67766, 2.29664, 2.29664, 0.24352, 0.24352, 0.10603, 0.10603
1.68424, 2.30748, 2.30748, 0.24149, 0.24149, 0.10465, 0.10465
1.69082, 2.31639, 2.31639, 0.24362, 0.24362, 0.10517, 0.10517
1.69741, 2.33043, 2.33043, 0.24531, 0.24531, 0.10526, 0.10526
1.70399, 2.33992, 2.33992, 0.24761, 0.24761, 0.10582, 0.10582
1.71058, 2.34735, 2.34735, 0.24851, 0.24851, 0.10587, 0.10587
1.71716, 2.34280, 2.34280, 0.24887, 0.24887, 0.10622, 0.10622
1.72375, 2.36910, 2.36910, 0.24914, 0.24914, 0.10516, 0.10516
1.73033, 2.36021, 2.36021, 0.24957, 0.24957, 0.10574, 0.10574
1.73692, 2.37396, 2.37396, 0.24978, 0.24978, 0.10521, 0.10521
1.74351, 2.37836, 2.37836, 0.25022, 0.25022, 0.10520, 0.10520
1.75009, 2.38989, 2.38989, 0.25102, 0.25102, 0.10503, 0.10503
1.75668, 2.38710, 2.38710, 0.25091, 0.25091, 0.10511, 0.10511
1.76327, 2.39783, 2.39783, 0.24711, 0.24711, 0.10305, 0.10305
1.76985, 2.40121, 2.40121, 0.25220, 0.25220, 0.10503, 0.10503
1.77644, 2.40699, 2.40699, 0.24416, 0.24416, 0.10144, 0.10144
1.78303, 2.40769, 2.40769, 0.24851, 0.24851, 0.10321, 0.10321
1.78962, 2.40342, 2.40342, 0.24771, 0.24771, 0.10306, 0.10306
1.79621, 2.40534, 2.40534, 0.24853, 0.24853, 0.10332, 0.10332
1.80280, 2.41950, 2.41950, 0.24924, 0.24924, 0.10301, 0.10301
1.80939, 2.41842, 2.41842, 0.24900, 0.24900, 0.10296, 0.10296
1.81598, 2.42884, 2.42884, 0.24925, 0.24925, 0.10262, 0.10262
1.82257, 2.43508, 2.43508, 0.24963, 0.24963, 0.10251, 0.10251
1.82916, 2.43455, 2.43455, 0.24869, 0.24869, 0.10215, 0.10215
1.83575, 2.43883, 2.43883, 0.24717, 0.24717, 0.10134, 0.10134
1.84234, 2.44087, 2.44087, 0.24719, 0.24719, 0.10127, 0.10127
1.84893, 2.44299, 2.44299, 0.24715, 0.24715, 0.10116, 0.10116
1.85552, 2.44901, 2.44901, 0.24707, 0.24707, 0.10088, 0.10088
1.86212, 2.45462, 2.45462, 0.24728, 0.24728, 0.10074, 0.10074
1.86871, 2.45557, 2.45557, 0.24545, 0.24545, 0.09995, 0.09995
1.87530, 2.45904, 2.45904, 0.24757, 0.24757, 0.10068, 0.10068
1.88190, 2.46639, 2.46639, 0.25082, 0.25082, 0.10169, 0.10169
1.88849, 2.46988, 2.46988, 0.25092, 0.25092, 0.10159, 0.10159
1.89508, 2.47149, 2.47149, 0.24910, 0.24910, 0.10079, 0.10079
1.90168, 2.47216, 2.47216, 0.24876, 0.24876, 0.10062, 0.10062
1.90827, 2.48011, 2.48011, 0.24996, 0.24996, 0.10078, 0.10078
1.91487, 2.47718, 2.47718, 0.24981, 0.24981, 0.10084, 0.10084
1.92146, 2.48357, 2.48357, 0.25080, 0.25080, 0.10098, 0.10098
1.92806, 2.48561, 2.48561, 0.25113, 0.25113, 0.10103, 0.10103
1.93465, 2.49062, 2.49062, 0.25147, 0.25147, 0.10096, 0.10096
1.94125, 2.49707, 2.49707, 0.25209, 0.25209, 0.10095, 0.10095
1.94785, 2.50433, 2.50433, 0.25196, 0.25196, 0.10061, 0.10061
1.95444, 2.51267, 2.51267, 0.25083, 0.25083, 0.09982, 0.09982
1.96104, 2.51645, 2.51645, 0.25308, 0.25308, 0.10057, 0.10057
1.96764, 2.53719, 2.53719, 0.25836, 0.25836, 0.10183, 0.10183
1.97424, 2.51515, 2.51515, 0.25700, 0.25700, 0.10218, 0.10218
1.98084, 2.52370, 2.52370, 0.25600, 0.25600, 0.10143, 0.10143
1.98743, 2.53383, 2.53383, 0.25529, 0.25529, 0.10075, 0.10075
1.99403, 2.53510, 2.53510, 0.25798, 0.25798, 0.10176, 0.10176
2.00063, 2.51637, 2.51637, 0.25808, 0.25808, 0.10256, 0.10256
2.00723, 2.52651, 2.52651, 0.25818, 0.25818, 0.10218, 0.10218
2.01383, 2.53735, 2.53735, 0.26046, 0.26046, 0.10265, 0.10265
2.02043, 2.54203, 2.54203, 0.26030, 0.26030, 0.10240, 0.10240
2.02703, 2.53793, 2.53793, 0.25694, 0.25694, 0.10124, 0.10124
2.03363, 2.54267, 2.54267, 0.25602, 0.25602, 0.10069, 0.10069
2.04024, 2.55378, 2.55378, 0.25521, 0.25521, 0.09993, 0.09993
2.04684, 2.54388, 2.54388, 0.25267, 0.25267, 0.09932, 0.09932
2.05344, 2.55808, 2.55808, 0.25297, 0.25297, 0.09889, 0.09889
2.06004, 2.55806, 2.55806, 0.25447, 0.25447, 0.09947, 0.09947
2.06664, 2.55572, 2.55572, 0.25499, 0.25499, 0.09977, 0.09977
2.07325, 2.55485, 2.55485, 0.25470, 0.25470, 0.09969, 0.09969
2.07985, 2.55263, 2.55263, 0.25389, 0.25389, 0.09946, 0.09946
2.08645, 2.55270, 2.55270, 0.25252, 0.25252, 0.09892, 0.09892
2.09306, 2.54883, 2.54883, 0.25280, 0.25280, 0.09918, 0.09918
2.09966, 2.54646, 2.54646, 0.25240, 0.25240, 0.09911, 0.09911
2.10627, 2.54271, 2.54271, 0.24996, 0.24996, 0.09830, 0.09830
2.11287, 2.55099, 2.55099, 0.25112, 0.25112, 0.09844, 0.09844
2.11948, 2.55655, 2.55655, 0.25043, 0.25043, 0.09795, 0.09795
2.12608, 2.53406, 2.53406, 0.24822, 0.24822, 0.09795, 0.09795
2.13269, 2.55910, 2.55910, 0.24858, 0.24858, 0.09713, 0.09713
2.13930, 2.55922, 2.55922, 0.24593, 0.24593, 0.09609, 0.09609
2.14590, 2.55749, 2.55749, 0.24706, 0.24706, 0.09660, 0.09660
2.15251, 2.56182, 2.56182, 0.24994, 0.24994, 0.09756, 0.09756
2.15912, 2.55860, 2.55860, 0.24811, 0.24811, 0.09697, 0.09697
2.16572, 2.56387, 2.56387, 0.24853, 0.24853, 0.09693, 0.09693
2.17233, 2.56906, 2.56906, 0.24957, 0.24957, 0.09714, 0.09714
2.17894, 2.53718, 2.53718, 0.24621, 0.24621, 0.09704, 0.09704
2.18555, 2.54413, 2.54413, 0.24579, 0.24579, 0.09661, 0.09661
2.19216, 2.52596, 2.52596, 0.24441, 0.24441, 0.09676, 0.09676
2.19877, 2.56265, 2.56265, 0.24615, 0.24615, 0.09605, 0.09605
2.20538, 2.55756, 2.55756, 0.24577, 0.24577, 0.09609, 0.09609
2.21199, 2.56418, 2.56418, 0.24615, 0.24615, 0.09599, 0.09599
2.21860, 2.54399, 2.54399, 0.24425, 0.24425, 0.09601, 0.09601
2.22521, 2.56525, 2.56525, 0.24612, 0.24612, 0.09594, 0.09594
2.23182, 2.57164, 2.57164, 0.24532, 0.24532, 0.09539, 0.09539
2.23843, 2.56503, 2.56503, 0.24520, 0.24520, 0.09559, 0.09559
2.24504, 2.57120, 2.57120, 0.24565, 0.24565, 0.09554, 0.09554
2.25165, 2.56949, 2.56949, 0.24493, 0.24493, 0.09532, 0.09532
2.25827, 2.57610, 2.57610, 0.24567, 0.24567, 0.09536, 0.09536
2.26488, 2.57445, 2.57445, 0.24435, 0.24435, 0.09491, 0.09491
2.27149, 2.57609, 2.57609, 0.24497, 0.24497, 0.09509, 0.09509
2.27810, 2.57957, 2.57957, 0.24500, 0.24500, 0.09497, 0.09497
2.28472, 2.58551, 2.58551, 0.24566, 0.24566, 0.09501, 0.09501
2.29133, 2.58030, 2.58030, 0.24544, 0.24544, 0.09512, 0.09512
2.29795, 2.58272, 2.58272, 0.24543, 0.24543, 0.09502, 0.09502
2.30456, 2.58205, 2.58205, 0.24543, 0.24543, 0.09505, 0.09505
2.31118, 2.58527, 2.58527, 0.24530, 0.24530, 0.09488, 0.09488
2.31779, 2.58148, 2.58148, 0.24485, 0.24485, 0.09484, 0.09484
2.32441, 2.58258, 2.58258, 0.24393, 0.24393, 0.09445, 0.09445
2.33102, 2.58339, 2.58339, 0.24347, 0.24347, 0.09424, 0.09424
2.33764, 2.57962, 2.57962, 0.24285, 0.24285, 0.09414, 0.09414
2.34426, 2.59831, 2.59831, 0.24332, 0.24332, 0.09364, 0.09364
2.35087, 2.58206, 2.58206, 0.24307, 0.24307, 0.09414, 0.09414
2.35749, 2.58321, 2.58321, 0.24280, 0.24280, 0.09399, 0.09399
2.36411, 2.59229, 2.59229, 0.24370, 0.24370, 0.09401, 0.09401
2.37072, 2.58843, 2.58843, 0.24322, 0.24322, 0.09396, 0.09396
2.37734, 2.56089, 2.56089, 0.24251, 0.24251, 0.09469, 0.09469
2.38396, 2.58133, 2.58133, 0.24205, 0.24205, 0.09376, 0.09376
2.39058, 2.57494, 2.57494, 0.24173, 0.24173, 0.09387, 0.09387
2.39720, 2.57191, 2.57191, 0.24204, 0.24204, 0.09411, 0.09411
2.40382, 2.58692, 2.58692, 0.24198, 0.24198, 0.09354, 0.09354
2.41044, 2.57687, 2.57687, 0.24224, 0.24224, 0.09400, 0.09400
2.41706, 2.57817, 2.57817, 0.24234, 0.24234, 0.09400, 0.09400
2.42368, 2.58643, 2.58643, 0.24241, 0.24241, 0.09372, 0.09372
2.43030, 2.57659, 2.57659, 0.24134, 0.24134, 0.09366, 0.09366
2.43692, 2.57498, 2.57498, 0.24152, 0.24152, 0.09379, 0.09379
2.44354, 2.58094, 2.58094, 0.24221, 0.24221, 0.09384, 0.09384
2.45017, 2.56976, 2.56976, 0.24127, 0.24127, 0.09388, 0.09388
2.45679, 2.56075, 2.56075, 0.24127, 0.24127, 0.09422, 0.09422
2.46341, 2.57027, 2.57027, 0.24137, 0.24137, 0.09390, 0.09390
2.47003, 2.57408, 2.57408, 0.24175, 0.24175, 0.09391, 0.09391
2.47666, 2.56860, 2.56860, 0.23987, 0.23987, 0.09338, 0.09338
2.48328, 2.57511, 2.57511, 0.23971, 0.23971, 0.09308, 0.09308
2.48990, 2.56618, 2.56618, 0.24038, 0.24038, 0.09367, 0.09367
2.49653, 2.56711, 2.56711, 0.24097, 0.24097, 0.09387, 0.09387
2.50312, 2.56405, 2.56405, 0.24058, 0.24058, 0.09382, 0.09382
2.50972, 2.55882, 2.55882, 0.23981, 0.23981, 0.09372, 0.09372
2.51632, 2.56037, 2.56037, 0.23875, 0.23875, 0.09325, 0.09325
2.52292, 2.57077, 2.57077, 0.23911, 0.23911, 0.09301, 0.09301
2.52951, 2.55460, 2.55460, 0.23692, 0.23692, 0.09274, 0.09274
2.53611, 2.55119, 2.55119, 0.23673, 0.23673, 0.09279, 0.09279
2.54271, 2.55599, 2.55599, 0.23539, 0.23539, 0.09209, 0.09209
2.54931, 2.54919, 2.54919, 0.23328, 0.23328, 0.09151, 0.09151
2.55591, 2.55217, 2.55217, 0.23271, 0.23271, 0.09118, 0.09118
2.56251, 2.54995, 2.54995, 0.22998, 0.22998, 0.09019, 0.09019
2.56911, 2.54087, 2.54087, 0.22837, 0.22837, 0.08988, 0.08988
2.57571, 2.53955, 2.53955, 0.22770, 0.22770, 0.08966, 0.08966
2.58231, 2.53434, 2.53434, 0.22457, 0.22457, 0.08861, 0.08861
2.58891, 2.52819, 2.52819, 0.22326, 0.22326, 0.08831, 0.08831
2.59551, 2.50998, 2.50998, 0.21996, 0.21996, 0.08763, 0.08763
2.60212, 2.52760, 2.52760, 0.21961, 0.21961, 0.08688, 0.08688
2.60872, 2.52696, 2.52696, 0.21970, 0.21970, 0.08694, 0.08694
2.61532, 2.52314, 2.52314, 0.21982, 0.21982, 0.08712, 0.08712
2.62192, 2.51698, 2.51698, 0.21972, 0.21972, 0.08729, 0.08729
2.62853, 2.51762, 2.51762, 0.22166, 0.22166, 0.08804, 0.08804
2.63513, 2.51645, 2.51645, 0.22215, 0.22215, 0.08828, 0.08828
2.64174, 2.51932, 2.51932, 0.22438, 0.22438, 0.08906, 0.08906
2.64834, 2.52173, 2.52173, 0.22149, 0.22149, 0.08783, 0.08783
2.65495, 2.52429, 2.52429, 0.21756, 0.21756, 0.08618, 0.08618
2.84004, 2.16000, 2.16000, 0.10100, 0.10100, 0.04676, 0.04676
2.84666, 2.13703, 2.13703, 0.10043, 0.10043, 0.04699, 0.04699
2.85328, 2.14281, 2.14281, 0.09843, 0.09843, 0.04593, 0.04593
2.85989, 2.13021, 2.13021, 0.09889, 0.09889, 0.04642, 0.04642
2.86651, 2.07160, 2.07160, 0.09917, 0.09917, 0.04787, 0.04787
2.87313, 2.03870, 2.03870, 0.09926, 0.09926, 0.04869, 0.04869
2.87975, 2.01460, 2.01460, 0.09917, 0.09917, 0.04922, 0.04922
2.88636, 2.01064, 2.01064, 0.09831, 0.09831, 0.04889, 0.04889
2.89298, 2.00000, 2.00000, 0.09742, 0.09742, 0.04871, 0.04871
2.89960, 1.97877, 1.97877, 0.09588, 0.09588, 0.04845, 0.04845
2.90622, 1.95420, 1.95420, 0.09433, 0.09433, 0.04827, 0.04827
2.91284, 1.92979, 1.92979, 0.09313, 0.09313, 0.04825, 0.04825
2.91946, 1.90854, 1.90854, 0.09233, 0.09233, 0.04837, 0.04837
2.92608, 1.88438, 1.88438, 0.09188, 0.09188, 0.04876, 0.04876
2.93270, 1.88512, 1.88512, 0.09120, 0.09120, 0.04838, 0.04838
2.93932, 1.88118, 1.88118, 0.09147, 0.09147, 0.04862, 0.04862
2.94595, 1.87527, 1.87527, 0.09021, 0.09021, 0.04810, 0.04810
2.95257, 1.85789, 1.85789, 0.08967, 0.08967, 0.04826, 0.04826
2.95919, 1.83902, 1.83902, 0.08906, 0.08906, 0.04843, 0.04843
2.96581, 1.82640, 1.82640, 0.08897, 0.08897, 0.04871, 0.04871
2.97244, 1.80772, 1.80772, 0.08838, 0.08838, 0.04889, 0.04889
2.97906, 1.79689, 1.79689, 0.08793, 0.08793, 0.04893, 0.04893
2.98568, 1.78840, 1.78840, 0.08736, 0.08736, 0.04885, 0.04885
2.99231, 1.78586, 1.78586, 0.08771, 0.08771, 0.04911, 0.04911
2.99893, 1.78197, 1.78197, 0.08774, 0.08774, 0.04923, 0.04923
3.00556, 1.78061, 1.78061, 0.08738, 0.08738, 0.04907, 0.04907
3.01218, 1.76870, 1.76870, 0.08666, 0.08666, 0.04899, 0.04899
3.01881, 1.74559, 1.74559, 0.08691, 0.08691, 0.04978, 0.04978
3.02544, 1.72782, 1.72782, 0.08703, 0.08703, 0.05037, 0.05037
3.03206, 1.71020, 1.71020, 0.08800, 0.08800, 0.05145, 0.05145
3.03869, 1.69496, 1.69496, 0.08816, 0.08816, 0.05201, 0.05201
3.04532, 1.67944, 1.67944, 0.08819, 0.08819, 0.05251, 0.05251
3.05195, 1.66630, 1.66630, 0.08849, 0.08849, 0.05311, 0.05311
3.05857, 1.65420, 1.65420, 0.08849, 0.08849, 0.05349, 0.05349
3.06520, 1.64855, 1.64855, 0.08856, 0.08856, 0.05372, 0.05372
3.07183, 1.64066, 1.64066, 0.08805, 0.08805, 0.05367, 0.05367
3.07846, 1.62754, 1.62754, 0.08778, 0.08778, 0.05393, 0.05393
3.08509, 1.61153, 1.61153, 0.08769, 0.08769, 0.05441, 0.05441
3.09172, 1.60175, 1.60175, 0.08815, 0.08815, 0.05503, 0.05503
3.09835, 1.60062, 1.60062, 0.08839, 0.08839, 0.05522, 0.05522
3.10498, 1.60649, 1.60649, 0.08844, 0.08844, 0.05505, 0.05505
3.11161, 1.59846, 1.59846, 0.08941, 0.08941, 0.05593, 0.05593
3.11825, 1.57703, 1.57703, 0.08902, 0.08902, 0.05645, 0.05645
3.12488, 1.55888, 1.55888, 0.08764, 0.08764, 0.05622, 0.05622
3.13151, 1.55647, 1.55647, 0.08710, 0.08710, 0.05596, 0.05596
3.13814, 1.55190, 1.55190, 0.08675, 0.08675, 0.05590, 0.05590
3.14478, 1.55334, 1.55334, 0.08726, 0.08726, 0.05618, 0.05618
3.15141, 1.55341, 1.55341, 0.08864, 0.08864, 0.05706, 0.05706
3.15804, 1.55266, 1.55266, 0.08965, 0.08965, 0.05774, 0.05774
3.16468, 1.55518, 1.55518, 0.09184, 0.09184, 0.05905, 0.05905
3.17131, 1.55729, 1.55729, 0.09321, 0.09321, 0.05985, 0.05985
3.17795, 1.55154, 1.55154, 0.09483, 0.09483, 0.06112, 0.06112
3.18458, 1.53790, 1.53790, 0.09599, 0.09599, 0.06241, 0.06241
3.19122, 1.52604, 1.52604, 0.09802, 0.09802, 0.06423, 0.06423
3.19785, 1.52030, 1.52030, 0.09887, 0.09887, 0.06503, 0.06503
3.20449, 1.51912, 1.51912, 0.09959, 0.09959, 0.06556, 0.06556
3.21113, 1.52211, 1.52211, 0.10049, 0.10049, 0.06601, 0.06601
3.21776, 1.53010, 1.53010, 0.10166, 0.10166, 0.06644, 0.06644
3.22440, 1.53590, 1.53590, 0.10308, 0.10308, 0.06711, 0.06711
3.23104, 1.53571, 1.53571, 0.10486, 0.10486, 0.06828, 0.06828
3.23768, 1.52416, 1.52416, 0.10690, 0.10690, 0.07013, 0.07013
3.24432, 1.51926, 1.51926, 0.10757, 0.10757, 0.07080, 0.07080
3.25096, 1.51407, 1.51407, 0.10876, 0.10876, 0.07183, 0.07183
3.25760, 1.50827, 1.50827, 0.11032, 0.11032, 0.07314, 0.07314
3.26424, 1.50270, 1.50270, 0.11123, 0.11123, 0.07401, 0.07401
3.27088, 1.49750, 1.49750, 0.11181, 0.11181, 0.07466, 0.07466
3.27752, 1.49663, 1.49663, 0.11325, 0.11325, 0.07567, 0.07567
3.28416, 1.49370, 1.49370, 0.11536, 0.11536, 0.07723, 0.07723
3.29080, 1.48721, 1.48721, 0.11772, 0.11772, 0.07915, 0.07915
3.29744, 1.48656, 1.48656, 0.12027, 0.12027, 0.08090, 0.08090
3.30408, 1.47768, 1.47768, 0.12240, 0.12240, 0.08283, 0.08283
3.31073, 1.46907, 1.46907, 0.12325, 0.12325, 0.08389, 0.08389
3.31737, 1.45589, 1.45589, 0.12372, 0.12372, 0.08498, 0.08498
3.32401, 1.45348, 1.45348, 0.12565, 0.12565, 0.08645, 0.08645
3.33066, 1.46039, 1.46039, 0.12730, 0.12730, 0.08716, 0.08716
3.33730, 1.46279, 1.46279, 0.12922, 0.12922, 0.08833, 0.08833
3.34395, 1.46512, 1.46512, 0.13146, 0.13146, 0.08972, 0.08972
3.35059, 1.45916, 1.45916, 0.13326, 0.13326, 0.09132, 0.09132
3.35724, 1.44693, 1.44693, 0.13354, 0.13354, 0.09229, 0.09229
3.36388, 1.43995, 1.43995, 0.13439, 0.13439, 0.09333, 0.09333
3.37053, 1.44223, 1.44223, 0.13684, 0.13684, 0.09488, 0.09488
3.37717, 1.43595, 1.43595, 0.13873, 0.13873, 0.09661, 0.09661
3.38382, 1.42776, 1.42776, 0.13961, 0.13961, 0.09778, 0.09778
3.39047, 1.42134, 1.42134, 0.14149, 0.14149, 0.09954, 0.09954
3.39712, 1.41388, 1.41388, 0.14313, 0.14313, 0.10123, 0.10123
3.40376, 1.40721, 1.40721, 0.14370, 0.14370, 0.10212, 0.10212
3.41041, 1.39633, 1.39633, 0.14546, 0.14546, 0.10417, 0.10417
3.41706, 1.38658, 1.38658, 0.14716, 0.14716, 0.10613, 0.10613
3.42371, 1.37679, 1.37679, 0.14891, 0.14891, 0.10816, 0.10816
3.43036, 1.36778, 1.36778, 0.15011, 0.15011, 0.10975, 0.10975
3.43701, 1.35986, 1.35986, 0.15139, 0.15139, 0.11132, 0.11132
3.44366, 1.34983, 1.34983, 0.15186, 0.15186, 0.11250, 0.11250
3.45031, 1.33351, 1.33351, 0.15188, 0.15188, 0.11389, 0.11389
3.45696, 1.31659, 1.31659, 0.15173, 0.15173, 0.11525, 0.11525
3.46361, 1.30386, 1.30386, 0.15283, 0.15283, 0.11722, 0.11722
3.47026, 1.30349, 1.30349, 0.15477, 0.15477, 0.11874, 0.11874
3.47692, 1.30457, 1.30457, 0.15645, 0.15645, 0.11993, 0.11993
3.48357, 1.30434, 1.30434, 0.15823, 0.15823, 0.12131, 0.12131
3.49022, 1.30127, 1.30127, 0.16054, 0.16054, 0.12337, 0.12337
3.49687, 1.29426, 1.29426, 0.16289, 0.16289, 0.12586, 0.12586
3.50353, 1.27867, 1.27867, 0.16417, 0.16417, 0.12839, 0.12839
3.51018, 1.26572, 1.26572, 0.16571, 0.16571, 0.13092, 0.13092
3.51684, 1.25768, 1.25768, 0.16845, 0.16845, 0.13393, 0.13393
3.52349, 1.25434, 1.25434, 0.17185, 0.17185, 0.13700, 0.13700
3.53015, 1.24916, 1.24916, 0.17464, 0.17464, 0.13980, 0.13980
3.53680, 1.24721, 1.24721, 0.17782, 0.17782, 0.14257, 0.14257
3.54346, 1.24960, 1.24960, 0.18132, 0.18132, 0.14510, 0.14510
3.55011, 1.25132, 1.25132, 0.18493, 0.18493, 0.14778, 0.14778
3.55677, 1.24604, 1.24604, 0.18754, 0.18754, 0.15051, 0.15051
3.56343, 1.24097, 1.24097, 0.18995, 0.18995, 0.15306, 0.15306
3.57008, 1.24059, 1.24059, 0.19262, 0.19262, 0.15526, 0.15526
3.57674, 1.24128, 1.24128, 0.19481, 0.19481, 0.15694, 0.15694
3.58340, 1.23924, 1.23924, 0.19549, 0.19549, 0.15775, 0.15775
3.59006, 1.23355, 1.23355, 0.19698, 0.19698, 0.15969, 0.15969
3.59672, 1.22596, 1.22596, 0.20031, 0.20031, 0.16339, 0.16339
3.60338, 1.21972, 1.21972, 0.20359, 0.20359, 0.16692, 0.16692
3.61004, 1.21642, 1.21642, 0.20439, 0.20439, 0.16803, 0.16803
3.61670, 1.21302, 1.21302, 0.20473, 0.20473, 0.16878, 0.16878
3.62336, 1.20268, 1.20268, 0.20614, 0.20614, 0.17140, 0.17140
3.63002, 1.19294, 1.19294, 0.20811, 0.20811, 0.17445, 0.17445
3.63668, 1.18848, 1.18848, 0.20891, 0.20891, 0.17578, 0.17578
3.64334, 1.18869, 1.18869, 0.21096, 0.21096, 0.17747, 0.17747
3.65000, 1.18343, 1.18343, 0.21343, 0.21343, 0.18035, 0.18035
3.65667, 1.16881, 1.16881, 0.21468, 0.21468, 0.18367, 0.18367
3.66333, 1.15506, 1.15506, 0.21448, 0.21448, 0.18569, 0.18569
3.66999, 1.14787, 1.14787, 0.21434, 0.21434, 0.18672, 0.18672
3.67665, 1.14540, 1.14540, 0.21661, 0.21661, 0.18911, 0.18911
3.68332, 1.13833, 1.13833, 0.21871, 0.21871, 0.19213, 0.19213
3.68998, 1.13253, 1.13253, 0.21955, 0.21955, 0.19386, 0.19386
3.69665, 1.12618, 1.12618, 0.22022, 0.22022, 0.19555, 0.19555
3.70331, 1.11803, 1.11803, 0.22134, 0.22134, 0.19798, 0.19798
3.70998, 1.09944, 1.09944, 0.22317, 0.22317, 0.20299, 0.20299
3.71664, 1.08540, 1.08540, 0.22271, 0.22271, 0.20519, 0.20519
3.72331, 1.07665, 1.07665, 0.22150, 0.22150, 0.20573, 0.20573
3.72998, 1.07145, 1.07145, 0.22305, 0.22305, 0.20818, 0.20818
3.73664, 1.05866, 1.05866, 0.22540, 0.22540, 0.21291, 0.21291
3.74331, 1.04463, 1.04463, 0.22556, 0.22556, 0.21592, 0.21592
3.74998, 1.03166, 1.03166, 0.22339, 0.22339, 0.21653, 0.21653
3.75665, 1.02269, 1.02269, 0.22212, 0.22212, 0.21720, 0.21720
3.76331, 1.01098, 1.01098, 0.22278, 0.22278, 0.22036, 0.22036
3.76998, 0.99685, 0.99685, 0.22379, 0.22379, 0.22449, 0.22449
3.77665, 0.98430, 0.98430, 0.22227, 0.22227, 0.22582, 0.22582
3.78332, 0.97553, 0.97553, 0.22069, 0.22069, 0.22622, 0.22622
3.78999, 0.96335, 0.96335, 0.22094, 0.22094, 0.22934, 0.22934
3.79666, 0.94678, 0.94678, 0.22261, 0.22261, 0.23512, 0.23512
3.80333, 0.93415, 0.93415, 0.22339, 0.22339, 0.23914, 0.23914
3.81000, 0.92320, 0.92320, 0.22062, 0.22062, 0.23897, 0.23897
3.81667, 0.91192, 0.91192, 0.21800, 0.21800, 0.23905, 0.23905
3.82335, 0.89417, 0.89417, 0.21753, 0.21753, 0.24328, 0.24328
3.83002, 0.87645, 0.87645, 0.21812, 0.21812, 0.24887, 0.24887
3.83669, 0.86026, 0.86026, 0.21718, 0.21718, 0.25245, 0.25245
3.84336, 0.84776, 0.84776, 0.21487, 0.21487, 0.25346, 0.25346
3.85004, 0.83209, 0.83209, 0.21268, 0.21268, 0.25559, 0.25559
3.85671, 0.81655, 0.81655, 0.21239, 0.21239, 0.26011, 0.26011
3.86339, 0.80198, 0.80198, 0.21175, 0.21175, 0.26403, 0.26403
3.87006, 0.79019, 0.79019, 0.21027, 0.21027, 0.26610, 0.26610
3.87673, 0.77810, 0.77810, 0.20780, 0.20780, 0.26706, 0.26706
3.88341, 0.76575, 0.76575, 0.20764, 0.20764, 0.27115, 0.27115
3.89008, 0.75936, 0.75936, 0.20986, 0.20986, 0.27636, 0.27636
3.89676, 0.75790, 0.75790, 0.21082, 0.21082, 0.27816, 0.27816
