0.43613, 1.06190, 1.06190, 0.06048, 0.06048, 0.05696, 0.05696
0.44263, 1.06351, 1.06351, 0.06056, 0.06056, 0.05694, 0.05694
0.44914, 1.06107, 1.06107, 0.06194, 0.06194, 0.05838, 0.05838
0.45564, 1.05652, 1.05652, 0.06394, 0.06394, 0.06051, 0.06051
0.46215, 1.05527, 1.05527, 0.06469, 0.06469, 0.06131, 0.06131
0.46865, 1.05718, 1.05718, 0.06790, 0.06790, 0.06423, 0.06423
0.47516, 1.05678, 1.05678, 0.07141, 0.07141, 0.06757, 0.06757
0.48167, 1.05667, 1.05667, 0.07262, 0.07262, 0.06873, 0.06873
0.48817, 1.05628, 1.05628, 0.07725, 0.07725, 0.07313, 0.07313
0.49468, 1.05701, 1.05701, 0.08257, 0.08257, 0.07811, 0.07811
0.50119, 1.05490, 1.05490, 0.08548, 0.08548, 0.08103, 0.08103
0.50770, 1.05446, 1.05446, 0.09177, 0.09177, 0.08703, 0.08703
0.51421, 1.05702, 1.05702, 0.09163, 0.09163, 0.08669, 0.08669
0.52072, 1.05519, 1.05519, 0.10148, 0.10148, 0.09617, 0.09617
0.52723, 1.05672, 1.05672, 0.10734, 0.10734, 0.10158, 0.10158
0.53374, 1.05531, 1.05531, 0.11335, 0.11335, 0.10741, 0.10741
0.54025, 1.05765, 1.05765, 0.11696, 0.11696, 0.11059, 0.11059
0.54676, 1.05615, 1.05615, 0.12396, 0.12396, 0.11737, 0.11737
0.55327, 1.05337, 1.05337, 0.13142, 0.13142, 0.12476, 0.12476
0.55978, 1.05256, 1.05256, 0.14231, 0.14231, 0.13520, 0.13520
0.56629, 1.05055, 1.05055, 0.15069, 0.15069, 0.14344, 0.14344
0.57281, 1.05075, 1.05075, 0.16411, 0.16411, 0.15619, 0.15619
0.57932, 1.04888, 1.04888, 0.17422, 0.17422, 0.16610, 0.16610
0.58583, 1.05100, 1.05100, 0.18343, 0.18343, 0.17453, 0.17453
0.59235, 1.04995, 1.04995, 0.19367, 0.19367, 0.18446, 0.18446
0.59886, 1.05115, 1.05115, 0.20242, 0.20242, 0.19257, 0.19257
0.60538, 1.05187, 1.05187, 0.20702, 0.20702, 0.19682, 0.19682
0.61189, 1.05395, 1.05395, 0.21705, 0.21705, 0.20594, 0.20594
0.61841, 1.05513, 1.05513, 0.22573, 0.22573, 0.21393, 0.21393
0.62492, 1.05610, 1.05610, 0.23572, 0.23572, 0.22320, 0.22320
0.63144, 1.05377, 1.05377, 0.24654, 0.24654, 0.23396, 0.23396
0.70968, 1.06427, 1.06427, 0.29080, 0.29080, 0.27324, 0.27324
0.71620, 1.06424, 1.06424, 0.29634, 0.29634, 0.27845, 0.27845
0.72272, 1.06180, 1.06180, 0.29700, 0.29700, 0.27971, 0.27971
0.72925, 1.06151, 1.06207, 0.29582, 0.29704, 0.27868, 0.27968
0.73577, 1.06354, 1.06412, 0.29641, 0.29767, 0.27870, 0.27974
0.74230, 1.06259, 1.06320, 0.29679, 0.29811, 0.27931, 0.28039
0.74882, 1.06232, 1.06295, 0.30280, 0.30421, 0.28504, 0.28619
0.75535, 1.06226, 1.06292, 0.30530, 0.30677, 0.28741, 0.28861
0.76187, 1.06194, 1.06263, 0.30600, 0.30753, 0.28815, 0.28941
0.76840, 1.06322, 1.06393, 0.30441, 0.30600, 0.28631, 0.28761
0.77492, 1.06367, 1.06441, 0.30370, 0.30535, 0.28552, 0.28687
0.78145, 1.06340, 1.06417, 0.30341, 0.30512, 0.28532, 0.28672
0.78798, 1.06345, 1.06425, 0.30506, 0.30684, 0.28686, 0.28832
0.79451, 1.06398, 1.06481, 0.30315, 0.30499, 0.28492, 0.28643
0.80104, 1.06403, 1.06490, 0.30539, 0.30732, 0.28701, 0.28859
0.80756, 1.06428, 1.06518, 0.30870, 0.31072, 0.29005, 0.29171
0.81409, 1.06370, 1.06463, 0.30859, 0.31069, 0.29011, 0.29183
0.82062, 1.06384, 1.06480, 0.30632, 0.30848, 0.28794, 0.28970
0.82715, 1.06362, 1.06462, 0.30630, 0.30854, 0.28798, 0.28981
0.83368, 1.06292, 1.06396, 0.30443, 0.30674, 0.28641, 0.28830
0.84022, 1.06299, 1.06406, 0.30524, 0.30764, 0.28716, 0.28912
0.84675, 1.06301, 1.06412, 0.29914, 0.30157, 0.28141, 0.28340
0.85328, 1.06187, 1.06302, 0.30018, 0.30270, 0.28269, 0.28476
0.85981, 1.06219, 1.06338, 0.31033, 0.31303, 0.29216, 0.29438
0.86634, 1.06094, 1.06217, 0.30470, 0.30745, 0.28720, 0.28946
0.87288, 1.06127, 1.06254, 0.30297, 0.30580, 0.28548, 0.28780
0.87941, 1.06196, 1.06329, 0.29856, 0.30144, 0.28114, 0.28350
0.88595, 1.06016, 1.06152, 0.30122, 0.30423, 0.28413, 0.28659
0.89248, 1.06079, 1.06220, 0.30171, 0.30483, 0.28442, 0.28698
0.89902, 1.05972, 1.06118, 0.29500, 0.29815, 0.27838, 0.28096
0.90555, 1.05997, 1.06147, 0.29527, 0.29852, 0.27856, 0.28123
0.91209, 1.06040, 1.06195, 0.29515, 0.29852, 0.27834, 0.28110
0.91862, 1.05953, 1.06113, 0.29198, 0.29542, 0.27558, 0.27840
0.92516, 1.06090, 1.06256, 0.29265, 0.29621, 0.27585, 0.27877
0.93170, 1.06074, 1.06246, 0.29293, 0.29661, 0.27616, 0.27917
0.93824, 1.05909, 1.06086, 0.29210, 0.29589, 0.27581, 0.27891
0.94477, 1.05906, 1.06088, 0.29697, 0.30094, 0.28041, 0.28367
0.95131, 1.05740, 1.05928, 0.29430, 0.29835, 0.27832, 0.28166
0.95785, 1.05931, 1.06125, 0.29391, 0.29809, 0.27745, 0.28089
0.96439, 1.05811, 1.06010, 0.29333, 0.29763, 0.27722, 0.28075
0.97093, 1.05858, 1.06064, 0.28902, 0.29339, 0.27303, 0.27662
0.97747, 1.05733, 1.05945, 0.28604, 0.29049, 0.27053, 0.27419
0.98401, 1.05941, 1.06160, 0.28551, 0.29009, 0.26950, 0.27326
0.99055, 1.05728, 1.05953, 0.28870, 0.29348, 0.27306, 0.27699
0.99710, 1.05506, 1.05738, 0.28760, 0.29250, 0.27259, 0.27663
1.00364, 1.05614, 1.05852, 0.28347, 0.28844, 0.26840, 0.27250
1.01018, 1.05238, 1.05482, 0.28237, 0.28748, 0.26832, 0.27253
1.04720, 1.04849, 1.04849, 0.28724, 0.28724, 0.27396, 0.27396
1.05375, 1.04755, 1.04755, 0.28905, 0.28905, 0.27593, 0.27593
1.06030, 1.04826, 1.04826, 0.29016, 0.29016, 0.27680, 0.27680
1.06685, 1.04968, 1.04968, 0.28968, 0.28968, 0.27597, 0.27597
1.07341, 1.05014, 1.05014, 0.29051, 0.29051, 0.27664, 0.27664
1.07996, 1.05040, 1.05040, 0.28987, 0.28987, 0.27596, 0.27596
1.08651, 1.05160, 1.05160, 0.29145, 0.29145, 0.27715, 0.27715
1.09307, 1.05030, 1.05030, 0.29271, 0.29271, 0.27870, 0.27870
1.09962, 1.05061, 1.05061, 0.29619, 0.29619, 0.28192, 0.28192
1.10617, 1.04955, 1.04955, 0.29642, 0.29642, 0.28243, 0.28243
1.11273, 1.05249, 1.05249, 0.29690, 0.29690, 0.28210, 0.28210
1.11928, 1.05042, 1.05042, 0.29669, 0.29669, 0.28245, 0.28245
1.12584, 1.05145, 1.05145, 0.29760, 0.29760, 0.28304, 0.28304
1.13239, 1.04998, 1.04998, 0.29745, 0.29745, 0.28329, 0.28329
1.13895, 1.05171, 1.05171, 0.29788, 0.29788, 0.28323, 0.28323
1.14551, 1.05025, 1.05025, 0.29825, 0.29825, 0.28398, 0.28398
1.15206, 1.05124, 1.05124, 0.29895, 0.29895, 0.28438, 0.28438
1.15862, 1.05250, 1.05250, 0.29908, 0.29908, 0.28416, 0.28416
1.16518, 1.05284, 1.05284, 0.29990, 0.29990, 0.28484, 0.28484
1.17173, 1.05245, 1.05245, 0.29964, 0.29964, 0.28470, 0.28470
1.17829, 1.05178, 1.05178, 0.29889, 0.29889, 0.28418, 0.28418
1.18485, 1.05258, 1.05258, 0.30107, 0.30107, 0.28603, 0.28603
1.19141, 1.05231, 1.05231, 0.30302, 0.30302, 0.28796, 0.28796
1.19797, 1.05283, 1.05283, 0.30110, 0.30110, 0.28599, 0.28599
1.20453, 1.05383, 1.05383, 0.29889, 0.29889, 0.28362, 0.28362
1.21109, 1.05377, 1.05377, 0.29938, 0.29938, 0.28411, 0.28411
1.21765, 1.05515, 1.05515, 0.29921, 0.29921, 0.28357, 0.28357
1.22421, 1.05373, 1.05373, 0.29985, 0.29985, 0.28456, 0.28456
1.23077, 1.05443, 1.05443, 0.30252, 0.30252, 0.28691, 0.28691
1.23733, 1.05477, 1.05477, 0.30281, 0.30281, 0.28708, 0.28708
1.24389, 1.05486, 1.05486, 0.30306, 0.30306, 0.28730, 0.28730
1.25045, 1.05411, 1.05411, 0.30407, 0.30407, 0.28846, 0.28846
1.25701, 1.05475, 1.05475, 0.30183, 0.30183, 0.28617, 0.28617
1.26357, 1.05531, 1.05531, 0.30282, 0.30282, 0.28695, 0.28695
1.27014, 1.05667, 1.05667, 0.30495, 0.30495, 0.28860, 0.28860
1.27670, 1.05672, 1.05672, 0.30451, 0.30451, 0.28817, 0.28817
1.28326, 1.05615, 1.05615, 0.30483, 0.30483, 0.28862, 0.28862
1.28983, 1.05687, 1.05687, 0.30588, 0.30588, 0.28942, 0.28942
1.29639, 1.05798, 1.05798, 0.30666, 0.30666, 0.28986, 0.28986
1.30295, 1.05815, 1.05815, 0.30724, 0.30724, 0.29035, 0.29035
1.30952, 1.06077, 1.06077, 0.30591, 0.30591, 0.28838, 0.28838
1.31608, 1.05879, 1.05879, 0.30587, 0.30587, 0.28888, 0.28888
1.32265, 1.05951, 1.05951, 0.30903, 0.30903, 0.29167, 0.29167
1.32921, 1.06074, 1.06074, 0.30903, 0.30903, 0.29134, 0.29134
1.33578, 1.06109, 1.06109, 0.30898, 0.30898, 0.29119, 0.29119
1.34234, 1.06411, 1.06411, 0.31036, 0.31036, 0.29166, 0.29166
1.34891, 1.06221, 1.06221, 0.31078, 0.31078, 0.29257, 0.29257
1.35548, 1.06199, 1.06199, 0.31086, 0.31086, 0.29272, 0.29272
1.36205, 1.06179, 1.06179, 0.31069, 0.31069, 0.29261, 0.29261
1.36861, 1.06246, 1.06246, 0.30992, 0.30992, 0.29170, 0.29170
1.37518, 1.06338, 1.06338, 0.31048, 0.31048, 0.29198, 0.29198
1.38175, 1.05751, 1.05751, 0.30902, 0.30902, 0.29221, 0.29221
1.38832, 1.05419, 1.05419, 0.30743, 0.30743, 0.29163, 0.29163
1.39489, 1.05459, 1.05459, 0.30873, 0.30873, 0.29275, 0.29275
1.40145, 1.05632, 1.05632, 0.30998, 0.30998, 0.29346, 0.29346
1.40802, 1.06152, 1.06152, 0.31394, 0.31394, 0.29574, 0.29574
1.41459, 1.06466, 1.06466, 0.31584, 0.31584, 0.29666, 0.29666
1.42116, 1.06626, 1.06626, 0.31856, 0.31856, 0.29876, 0.29876
1.42773, 1.06762, 1.06762, 0.31725, 0.31725, 0.29715, 0.29715
1.43431, 1.06892, 1.06892, 0.31586, 0.31586, 0.29549, 0.29549
1.44088, 1.07013, 1.07013, 0.31125, 0.31125, 0.29085, 0.29085
1.44745, 1.07078, 1.07078, 0.31450, 0.31450, 0.29371, 0.29371
1.45402, 1.07187, 1.07187, 0.31856, 0.31856, 0.29720, 0.29720
1.46059, 1.07351, 1.07351, 0.32164, 0.32164, 0.29961, 0.29961
1.46716, 1.07464, 1.07464, 0.32261, 0.32261, 0.30020, 0.30020
1.47374, 1.07452, 1.07452, 0.32042, 0.32042, 0.29820, 0.29820
1.48031, 1.07460, 1.07460, 0.32065, 0.32065, 0.29839, 0.29839
1.48688, 1.07744, 1.07744, 0.31949, 0.31949, 0.29653, 0.29653
1.49346, 1.08009, 1.08009, 0.32387, 0.32387, 0.29985, 0.29985
1.50003, 1.07865, 1.07865, 0.32237, 0.32237, 0.29887, 0.29887
1.50661, 1.07910, 1.07910, 0.32210, 0.32210, 0.29849, 0.29849
1.51318, 1.07956, 1.07956, 0.32489, 0.32489, 0.30095, 0.30095
1.51976, 1.07967, 1.07967, 0.32463, 0.32463, 0.30068, 0.30068
1.52633, 1.08053, 1.08053, 0.32399, 0.32399, 0.29984, 0.29984
1.53291, 1.08127, 1.08127, 0.32353, 0.32353, 0.29921, 0.29921
1.53948, 1.08295, 1.08295, 0.32502, 0.32502, 0.30012, 0.30012
1.54606, 1.08407, 1.08407, 0.32829, 0.32829, 0.30283, 0.30283
1.55264, 1.08233, 1.08233, 0.32872, 0.32872, 0.30371, 0.30371
1.55921, 1.08526, 1.08526, 0.32843, 0.32843, 0.30263, 0.30263
1.56579, 1.08516, 1.08516, 0.32654, 0.32654, 0.30091, 0.30091
1.57237, 1.08480, 1.08480, 0.32262, 0.32262, 0.29740, 0.29740
1.57895, 1.08608, 1.08608, 0.32489, 0.32489, 0.29914, 0.29914
1.58552, 1.08622, 1.08622, 0.32777, 0.32777, 0.30175, 0.30175
1.59210, 1.08680, 1.08680, 0.32595, 0.32595, 0.29992, 0.29992
1.59868, 1.08780, 1.08780, 0.32586, 0.32586, 0.29955, 0.29955
1.60526, 1.08791, 1.08791, 0.32532, 0.32532, 0.29903, 0.29903
1.61184, 1.08844, 1.08844, 0.32494, 0.32494, 0.29854, 0.29854
1.61842, 1.08960, 1.08960, 0.32564, 0.32564, 0.29886, 0.29886
1.62500, 1.08819, 1.08819, 0.32860, 0.32860, 0.30197, 0.30197
1.63158, 1.09062, 1.09062, 0.33177, 0.33177, 0.30420, 0.30420
1.63816, 1.08926, 1.08926, 0.32807, 0.32807, 0.30118, 0.30118
1.64474, 1.08979, 1.08979, 0.32841, 0.32841, 0.30135, 0.30135
1.67107, 1.09340, 1.09340, 0.32975, 0.32975, 0.30158, 0.30158
1.67766, 1.09440, 1.09440, 0.33139, 0.33139, 0.30280, 0.30280
1.68424, 1.09278, 1.09278, 0.33165, 0.33165, 0.30349, 0.30349
1.69082, 1.09460, 1.09460, 0.33112, 0.33112, 0.30250, 0.30250
1.69741, 1.09799, 1.09799, 0.33267, 0.33267, 0.30298, 0.30298
1.70399, 1.09919, 1.09919, 0.33366, 0.33366, 0.30355, 0.30355
1.71058, 1.09723, 1.09723, 0.33366, 0.33366, 0.30409, 0.30409
1.71716, 1.09537, 1.09537, 0.33326, 0.33326, 0.30425, 0.30425
1.72375, 1.09665, 1.09665, 0.33316, 0.33316, 0.30380, 0.30380
1.73033, 1.09566, 1.09566, 0.33283, 0.33283, 0.30377, 0.30377
1.73692, 1.09577, 1.09577, 0.33325, 0.33325, 0.30413, 0.30413
1.74351, 1.09599, 1.09599, 0.33346, 0.33346, 0.30426, 0.30426
1.75009, 1.09701, 1.09701, 0.33379, 0.33379, 0.30427, 0.30427
1.75668, 1.09605, 1.09605, 0.33356, 0.33356, 0.30432, 0.30432
1.76327, 1.09925, 1.09925, 0.33400, 0.33400, 0.30384, 0.30384
1.76985, 1.09658, 1.09658, 0.33372, 0.33372, 0.30433, 0.30433
1.77644, 1.09705, 1.09705, 0.33394, 0.33394, 0.30440, 0.30440
1.78303, 1.09766, 1.09766, 0.33385, 0.33385, 0.30414, 0.30414
1.78962, 1.09741, 1.09741, 0.33426, 0.33426, 0.30458, 0.30458
1.79621, 1.09703, 1.09703, 0.33387, 0.33387, 0.30434, 0.30434
1.80280, 1.09786, 1.09786, 0.33401, 0.33401, 0.30423, 0.30423
1.80939, 1.09762, 1.09762, 0.33376, 0.33376, 0.30408, 0.30408
1.81598, 1.09695, 1.09695, 0.33339, 0.33339, 0.30392, 0.30392
1.82257, 1.09801, 1.09801, 0.33342, 0.33342, 0.30366, 0.30366
1.82916, 1.09775, 1.09775, 0.33355, 0.33355, 0.30385, 0.30385
1.83575, 1.09845, 1.09845, 0.33429, 0.33429, 0.30433, 0.30433
1.84234, 1.09867, 1.09867, 0.33416, 0.33416, 0.30415, 0.30415
1.84893, 1.09869, 1.09869, 0.33444, 0.33444, 0.30440, 0.30440
1.85552, 1.09925, 1.09925, 0.33496, 0.33496, 0.30472, 0.30472
1.86212, 1.09833, 1.09833, 0.33443, 0.33443, 0.30449, 0.30449
1.86871, 1.09734, 1.09734, 0.33412, 0.33412, 0.30448, 0.30448
1.87530, 1.09740, 1.09740, 0.33320, 0.33320, 0.30363, 0.30363
1.88190, 1.09623, 1.09623, 0.33257, 0.33257, 0.30338, 0.30338
1.88849, 1.09818, 1.09818, 0.33283, 0.33283, 0.30307, 0.30307
1.89508, 1.09360, 1.09360, 0.33231, 0.33231, 0.30387, 0.30387
1.90168, 1.09531, 1.09531, 0.33225, 0.33225, 0.30334, 0.30334
1.90827, 1.09109, 1.09109, 0.33143, 0.33143, 0.30376, 0.30376
1.91487, 1.09028, 1.09028, 0.33152, 0.33152, 0.30407, 0.30407
1.92146, 1.09009, 1.09009, 0.33137, 0.33137, 0.30398, 0.30398
1.92806, 1.09008, 1.09008, 0.33134, 0.33134, 0.30396, 0.30396
1.93465, 1.09020, 1.09020, 0.33079, 0.33079, 0.30342, 0.30342
1.94125, 1.08871, 1.08871, 0.32834, 0.32834, 0.30158, 0.30158
1.94785, 1.08930, 1.08930, 0.32773, 0.32773, 0.30086, 0.30086
1.95444, 1.08858, 1.08858, 0.32895, 0.32895, 0.30219, 0.30219
1.96104, 1.08764, 1.08764, 0.32940, 0.32940, 0.30286, 0.30286
1.96764, 1.08948, 1.08948, 0.32804, 0.32804, 0.30110, 0.30110
1.97424, 1.08872, 1.08872, 0.32832, 0.32832, 0.30156, 0.30156
1.98084, 1.08905, 1.08905, 0.32848, 0.32848, 0.30162, 0.30162
1.98743, 1.08847, 1.08847, 0.32887, 0.32887, 0.30214, 0.30214
1.99403, 1.09153, 1.09153, 0.32856, 0.32856, 0.30101, 0.30101
2.00063, 1.08814, 1.08814, 0.32642, 0.32642, 0.29998, 0.29998
2.00723, 1.08912, 1.08912, 0.32864, 0.32864, 0.30174, 0.30174
2.01383, 1.09256, 1.09256, 0.32568, 0.32568, 0.29809, 0.29809
2.02043, 1.09057, 1.09057, 0.32404, 0.32404, 0.29713, 0.29713
2.02703, 1.09149, 1.09149, 0.32596, 0.32596, 0.29864, 0.29864
2.03363, 1.09166, 1.09166, 0.32755, 0.32755, 0.30005, 0.30005
2.04024, 1.09320, 1.09320, 0.32974, 0.32974, 0.30163, 0.30163
2.04684, 1.09405, 1.09405, 0.33108, 0.33108, 0.30262, 0.30262
2.05344, 1.09420, 1.09420, 0.33220, 0.33220, 0.30360, 0.30360
2.06004, 1.09491, 1.09491, 0.33272, 0.33272, 0.30388, 0.30388
2.06664, 1.09570, 1.09570, 0.33127, 0.33127, 0.30234, 0.30234
2.07325, 1.09488, 1.09488, 0.33014, 0.33014, 0.30153, 0.30153
2.07985, 1.09649, 1.09649, 0.32929, 0.32929, 0.30032, 0.30032
2.08645, 1.09191, 1.09191, 0.32879, 0.32879, 0.30111, 0.30111
2.09306, 1.09124, 1.09124, 0.32800, 0.32800, 0.30058, 0.30058
2.09966, 1.09135, 1.09135, 0.32863, 0.32863, 0.30112, 0.30112
2.10627, 1.09057, 1.09057, 0.33061, 0.33061, 0.30315, 0.30315
2.11287, 1.09145, 1.09145, 0.33109, 0.33109, 0.30335, 0.30335
2.11948, 1.09175, 1.09175, 0.33225, 0.33225, 0.30433, 0.30433
2.12608, 1.09202, 1.09202, 0.33234, 0.33234, 0.30433, 0.30433
2.13269, 1.09229, 1.09229, 0.33240, 0.33240, 0.30432, 0.30432
2.13930, 1.09204, 1.09204, 0.33258, 0.33258, 0.30454, 0.30454
2.14590, 1.09275, 1.09275, 0.33239, 0.33239, 0.30418, 0.30418
2.15251, 1.09380, 1.09380, 0.33272, 0.33272, 0.30419, 0.30419
2.15912, 1.09362, 1.09362, 0.33327, 0.33327, 0.30474, 0.30474
2.16572, 1.09565, 1.09565, 0.33300, 0.33300, 0.30392, 0.30392
2.17233, 1.09649, 1.09649, 0.33334, 0.33334, 0.30400, 0.30400
2.17894, 1.09642, 1.09642, 0.33399, 0.33399, 0.30462, 0.30462
2.18555, 1.09607, 1.09607, 0.33384, 0.33384, 0.30458, 0.30458
2.19216, 1.09520, 1.09520, 0.33378, 0.33378, 0.30476, 0.30476
2.19877, 1.09435, 1.09435, 0.33355, 0.33355, 0.30480, 0.30480
2.20538, 1.09375, 1.09375, 0.33338, 0.33338, 0.30481, 0.30481
2.21199, 1.09251, 1.09251, 0.33285, 0.33285, 0.30467, 0.30467
2.21860, 1.09106, 1.09106, 0.33280, 0.33280, 0.30503, 0.30503
2.22521, 1.08838, 1.08838, 0.33202, 0.33202, 0.30506, 0.30506
2.23182, 1.08653, 1.08653, 0.33110, 0.33110, 0.30473, 0.30473
2.23843, 1.08317, 1.08317, 0.32960, 0.32960, 0.30429, 0.30429
2.24504, 1.08051, 1.08051, 0.32914, 0.32914, 0.30462, 0.30462
2.25165, 1.07819, 1.07819, 0.32823, 0.32823, 0.30443, 0.30443
2.25827, 1.07674, 1.07674, 0.32769, 0.32769, 0.30433, 0.30433
2.26488, 1.07474, 1.07474, 0.32630, 0.32630, 0.30360, 0.30360
2.27149, 1.07067, 1.07067, 0.32656, 0.32656, 0.30500, 0.30500
2.27810, 1.07021, 1.07021, 0.32584, 0.32584, 0.30447, 0.30447
2.28472, 1.06867, 1.06867, 0.32622, 0.32622, 0.30526, 0.30526
2.29133, 1.06664, 1.06664, 0.32580, 0.32580, 0.30545, 0.30545
2.29795, 1.06422, 1.06422, 0.32514, 0.32514, 0.30552, 0.30552
2.30456, 1.06249, 1.06249, 0.32357, 0.32357, 0.30454, 0.30454
2.31118, 1.06056, 1.06056, 0.32230, 0.32230, 0.30390, 0.30390
2.31779, 1.05875, 1.05875, 0.32127, 0.32127, 0.30344, 0.30344
2.32441, 1.05584, 1.05584, 0.32132, 0.32132, 0.30432, 0.30432
2.33102, 1.06018, 1.06018, 0.32196, 0.32196, 0.30369, 0.30369
2.33764, 1.06343, 1.06343, 0.32335, 0.32335, 0.30407, 0.30407
2.34426, 1.06672, 1.06672, 0.32436, 0.32436, 0.30407, 0.30407
2.35087, 1.07176, 1.07176, 0.32588, 0.32588, 0.30406, 0.30406
2.35749, 1.07363, 1.07363, 0.32702, 0.32702, 0.30459, 0.30459
2.36411, 1.07471, 1.07471, 0.32699, 0.32699, 0.30426, 0.30426
2.37072, 1.07276, 1.07276, 0.32662, 0.32662, 0.30447, 0.30447
2.37734, 1.07085, 1.07085, 0.32465, 0.32465, 0.30317, 0.30317
2.38396, 1.07046, 1.07046, 0.32372, 0.32372, 0.30241, 0.30241
2.39058, 1.06856, 1.06856, 0.32379, 0.32379, 0.30301, 0.30301
2.39720, 1.06914, 1.06914, 0.32399, 0.32399, 0.30304, 0.30304
2.40382, 1.06890, 1.06890, 0.32457, 0.32457, 0.30365, 0.30365
2.41044, 1.06871, 1.06871, 0.32519, 0.32519, 0.30428, 0.30428
2.41706, 1.06618, 1.06618, 0.32528, 0.32528, 0.30509, 0.30509
2.42368, 1.06580, 1.06580, 0.32418, 0.32418, 0.30416, 0.30416
2.43030, 1.06671, 1.06671, 0.32457, 0.32457, 0.30427, 0.30427
2.43692, 1.06212, 1.06212, 0.32374, 0.32374, 0.30481, 0.30481
2.44354, 1.06347, 1.06347, 0.32370, 0.32370, 0.30438, 0.30438
2.45017, 1.06289, 1.06289, 0.32320, 0.32320, 0.30408, 0.30408
2.45679, 1.06405, 1.06405, 0.32331, 0.32331, 0.30385, 0.30385
2.46341, 1.06408, 1.06408, 0.32322, 0.32322, 0.30376, 0.30376
2.47003, 1.06359, 1.06359, 0.32227, 0.32227, 0.30300, 0.30300
2.47666, 1.06377, 1.06377, 0.32019, 0.32019, 0.30099, 0.30099
2.48328, 1.06143, 1.06143, 0.31867, 0.31867, 0.30023, 0.30023
2.48990, 1.06176, 1.06176, 0.32030, 0.32030, 0.30167, 0.30167
2.49653, 1.06146, 1.06146, 0.32060, 0.32060, 0.30204, 0.30204
2.50312, 1.05954, 1.05954, 0.31936, 0.31936, 0.30141, 0.30141
2.50972, 1.05837, 1.05837, 0.31838, 0.31838, 0.30082, 0.30082
2.51632, 1.06059, 1.06059, 0.31814, 0.31814, 0.29996, 0.29996
2.52292, 1.06116, 1.06116, 0.31680, 0.31680, 0.29854, 0.29854
2.52951, 1.06134, 1.06134, 0.31644, 0.31644, 0.29816, 0.29816
2.53611, 1.06223, 1.06223, 0.31549, 0.31549, 0.29700, 0.29700
2.54271, 1.06430, 1.06430, 0.31508, 0.31508, 0.29605, 0.29605
2.54931, 1.06464, 1.06464, 0.31395, 0.31395, 0.29489, 0.29489
2.55591, 1.06096, 1.06096, 0.31217, 0.31217, 0.29424, 0.29424
2.56251, 1.06474, 1.06474, 0.31262, 0.31262, 0.29361, 0.29361
2.56911, 1.06396, 1.06396, 0.31094, 0.31094, 0.29225, 0.29225
2.57571, 1.06723, 1.06723, 0.31151, 0.31151, 0.29188, 0.29188
2.58231, 1.06660, 1.06660, 0.31026, 0.31026, 0.29088, 0.29088
2.58891, 1.06821, 1.06821, 0.31001, 0.31001, 0.29022, 0.29022
2.59551, 1.06858, 1.06858, 0.30991, 0.30991, 0.29002, 0.29002
2.60212, 1.06883, 1.06883, 0.30867, 0.30867, 0.28879, 0.28879
2.60872, 1.07237, 1.07237, 0.31015, 0.31015, 0.28921, 0.28921
2.61532, 1.07043, 1.07043, 0.31037, 0.31037, 0.28995, 0.28995
2.62192, 1.07209, 1.07209, 0.31274, 0.31274, 0.29171, 0.29171
2.62853, 1.07217, 1.07217, 0.31039, 0.31039, 0.28949, 0.28949
2.63513, 1.07177, 1.07177, 0.30971, 0.30971, 0.28897, 0.28897
2.64174, 1.07211, 1.07211, 0.30720, 0.30720, 0.28654, 0.28654
2.64834, 1.07022, 1.07022, 0.30190, 0.30190, 0.28209, 0.28209
2.65495, 1.06931, 1.06931, 0.29353, 0.29353, 0.27451, 0.27451
2.84004, 1.14756, 1.14756, 0.09441, 0.09441, 0.08227, 0.08227
2.84666, 1.14984, 1.14984, 0.09480, 0.09480, 0.08244, 0.08244
2.85328, 1.15150, 1.15150, 0.09515, 0.09515, 0.08263, 0.08263
2.85989, 1.15085, 1.15085, 0.09566, 0.09566, 0.08312, 0.08312
2.86651, 1.14945, 1.14945, 0.09637, 0.09637, 0.08384, 0.08384
2.87313, 1.14685, 1.14685, 0.09658, 0.09658, 0.08421, 0.08421
2.87975, 1.14910, 1.14910, 0.09713, 0.09713, 0.08452, 0.08452
2.88636, 1.15199, 1.15199, 0.09784, 0.09784, 0.08493, 0.08493
2.89298, 1.15404, 1.15404, 0.09897, 0.09897, 0.08576, 0.08576
2.89960, 1.15932, 1.15932, 0.09986, 0.09986, 0.08614, 0.08614
2.90622, 1.16313, 1.16313, 0.10035, 0.10035, 0.08627, 0.08627
2.91284, 1.16713, 1.16713, 0.10084, 0.10084, 0.08640, 0.08640
2.91946, 1.17050, 1.17050, 0.10115, 0.10115, 0.08641, 0.08641
2.92608, 1.17459, 1.17459, 0.10157, 0.10157, 0.08648, 0.08648
2.93270, 1.17840, 1.17840, 0.10231, 0.10231, 0.08682, 0.08682
2.93932, 1.18261, 1.18261, 0.10328, 0.10328, 0.08733, 0.08733
2.94595, 1.18493, 1.18493, 0.10410, 0.10410, 0.08785, 0.08785
2.95257, 1.18730, 1.18730, 0.10480, 0.10480, 0.08826, 0.08826
2.95919, 1.18639, 1.18639, 0.10615, 0.10615, 0.08947, 0.08947
2.96581, 1.18510, 1.18510, 0.10762, 0.10762, 0.09081, 0.09081
2.97244, 1.18560, 1.18560, 0.10946, 0.10946, 0.09232, 0.09232
2.97906, 1.18739, 1.18739, 0.11115, 0.11115, 0.09361, 0.09361
2.98568, 1.18919, 1.18919, 0.11243, 0.11243, 0.09454, 0.09454
2.99231, 1.18956, 1.18956, 0.11372, 0.11372, 0.09559, 0.09559
2.99893, 1.18667, 1.18667, 0.11509, 0.11509, 0.09699, 0.09699
3.00556, 1.18550, 1.18550, 0.11682, 0.11682, 0.09854, 0.09854
3.01218, 1.18671, 1.18671, 0.11887, 0.11887, 0.10017, 0.10017
3.01881, 1.19170, 1.19170, 0.12097, 0.12097, 0.10151, 0.10151
3.02544, 1.19685, 1.19685, 0.12316, 0.12316, 0.10290, 0.10290
3.03206, 1.19681, 1.19681, 0.12470, 0.12470, 0.10419, 0.10419
3.03869, 1.19329, 1.19329, 0.12538, 0.12538, 0.10507, 0.10507
3.04532, 1.19280, 1.19280, 0.12612, 0.12612, 0.10573, 0.10573
3.05195, 1.19479, 1.19479, 0.12703, 0.12703, 0.10632, 0.10632
3.05857, 1.19612, 1.19612, 0.12779, 0.12779, 0.10683, 0.10683
3.06520, 1.19695, 1.19695, 0.12887, 0.12887, 0.10766, 0.10766
3.07183, 1.20004, 1.20004, 0.13034, 0.13034, 0.10861, 0.10861
3.07846, 1.20615, 1.20615, 0.13234, 0.13234, 0.10972, 0.10972
3.08509, 1.21080, 1.21080, 0.13410, 0.13410, 0.11075, 0.11075
3.09172, 1.21437, 1.21437, 0.13554, 0.13554, 0.11161, 0.11161
3.09835, 1.21419, 1.21419, 0.13622, 0.13622, 0.11219, 0.11219
3.10498, 1.20876, 1.20876, 0.13682, 0.13682, 0.11319, 0.11319
3.11161, 1.20653, 1.20653, 0.13763, 0.13763, 0.11407, 0.11407
3.11825, 1.20919, 1.20919, 0.13888, 0.13888, 0.11485, 0.11485
3.12488, 1.21066, 1.21066, 0.13938, 0.13938, 0.11512, 0.11512
3.13151, 1.21363, 1.21363, 0.13977, 0.13977, 0.11516, 0.11516
3.13814, 1.21687, 1.21687, 0.14031, 0.14031, 0.11530, 0.11530
3.14478, 1.21505, 1.21505, 0.14172, 0.14172, 0.11664, 0.11664
3.15141, 1.20997, 1.20997, 0.14402, 0.14402, 0.11903, 0.11903
3.15804, 1.20497, 1.20497, 0.14681, 0.14681, 0.12184, 0.12184
3.16468, 1.20388, 1.20388, 0.14995, 0.14995, 0.12456, 0.12456
3.17131, 1.20440, 1.20440, 0.15261, 0.15261, 0.12671, 0.12671
3.17795, 1.20424, 1.20424, 0.15484, 0.15484, 0.12858, 0.12858
3.18458, 1.20585, 1.20585, 0.15728, 0.15728, 0.13043, 0.13043
3.19122, 1.20759, 1.20759, 0.16049, 0.16049, 0.13290, 0.13290
3.19785, 1.20684, 1.20684, 0.16418, 0.16418, 0.13604, 0.13604
3.20449, 1.20659, 1.20659, 0.16756, 0.16756, 0.13887, 0.13887
3.21113, 1.20813, 1.20813, 0.17086, 0.17086, 0.14142, 0.14142
3.21776, 1.21340, 1.21340, 0.17413, 0.17413, 0.14351, 0.14351
3.22440, 1.22103, 1.22103, 0.17812, 0.17812, 0.14587, 0.14587
3.23104, 1.22620, 1.22620, 0.18197, 0.18197, 0.14840, 0.14840
3.23768, 1.22438, 1.22438, 0.18520, 0.18520, 0.15126, 0.15126
3.24432, 1.22006, 1.22006, 0.18779, 0.18779, 0.15392, 0.15392
3.25096, 1.21870, 1.21870, 0.19099, 0.19099, 0.15671, 0.15671
3.25760, 1.21962, 1.21962, 0.19357, 0.19357, 0.15871, 0.15871
3.26424, 1.21933, 1.21933, 0.19581, 0.19581, 0.16059, 0.16059
3.27088, 1.22280, 1.22280, 0.19966, 0.19966, 0.16328, 0.16328
3.27752, 1.21999, 1.21999, 0.20365, 0.20365, 0.16693, 0.16693
3.28416, 1.22053, 1.22053, 0.20921, 0.20921, 0.17141, 0.17141
3.29080, 1.22051, 1.22051, 0.21491, 0.21491, 0.17608, 0.17608
3.29744, 1.21757, 1.21757, 0.21962, 0.21962, 0.18037, 0.18037
3.30408, 1.21758, 1.21758, 0.22379, 0.22379, 0.18380, 0.18380
3.31073, 1.21707, 1.21707, 0.22780, 0.22780, 0.18717, 0.18717
3.31737, 1.21876, 1.21876, 0.23258, 0.23258, 0.19083, 0.19083
3.32401, 1.22148, 1.22148, 0.23708, 0.23708, 0.19409, 0.19409
3.33066, 1.22265, 1.22265, 0.24102, 0.24102, 0.19713, 0.19713
3.33730, 1.22292, 1.22292, 0.24602, 0.24602, 0.20117, 0.20117
3.34395, 1.22470, 1.22470, 0.25123, 0.25123, 0.20514, 0.20514
3.35059, 1.22719, 1.22719, 0.25555, 0.25555, 0.20824, 0.20824
3.35724, 1.22592, 1.22592, 0.25979, 0.25979, 0.21191, 0.21191
3.36388, 1.22542, 1.22542, 0.26468, 0.26468, 0.21599, 0.21599
3.37053, 1.22664, 1.22664, 0.26914, 0.26914, 0.21941, 0.21941
3.37717, 1.22771, 1.22771, 0.27280, 0.27280, 0.22220, 0.22220
3.38382, 1.22941, 1.22941, 0.27711, 0.27711, 0.22540, 0.22540
3.39047, 1.23152, 1.23152, 0.28155, 0.28155, 0.22862, 0.22862
3.39712, 1.23278, 1.23278, 0.28575, 0.28575, 0.23179, 0.23179
3.40376, 1.23266, 1.23266, 0.29014, 0.29014, 0.23538, 0.23538
3.41041, 1.23090, 1.23090, 0.29527, 0.29527, 0.23988, 0.23988
3.41706, 1.23113, 1.23113, 0.29967, 0.29967, 0.24341, 0.24341
3.42371, 1.23147, 1.23147, 0.30365, 0.30365, 0.24657, 0.24657
3.43036, 1.23235, 1.23235, 0.30847, 0.30847, 0.25031, 0.25031
3.43701, 1.23402, 1.23402, 0.31320, 0.31320, 0.25380, 0.25380
3.44366, 1.23451, 1.23451, 0.31626, 0.31626, 0.25618, 0.25618
3.45031, 1.23613, 1.23613, 0.31897, 0.31897, 0.25804, 0.25804
3.45696, 1.23953, 1.23953, 0.32508, 0.32508, 0.26226, 0.26226
3.46361, 1.24153, 1.24153, 0.33171, 0.33171, 0.26718, 0.26718
3.47026, 1.24226, 1.24226, 0.33656, 0.33656, 0.27093, 0.27093
3.47692, 1.24234, 1.24234, 0.34164, 0.34164, 0.27500, 0.27500
3.48357, 1.24468, 1.24468, 0.34854, 0.34854, 0.28002, 0.28002
3.49022, 1.24821, 1.24821, 0.35433, 0.35433, 0.28387, 0.28387
3.49687, 1.25011, 1.25011, 0.35865, 0.35865, 0.28689, 0.28689
3.50353, 1.25266, 1.25266, 0.36584, 0.36584, 0.29205, 0.29205
3.51018, 1.25563, 1.25563, 0.37494, 0.37494, 0.29861, 0.29861
3.51684, 1.25743, 1.25743, 0.38226, 0.38226, 0.30400, 0.30400
3.52349, 1.25424, 1.25424, 0.38823, 0.38823, 0.30953, 0.30953
3.53015, 1.24906, 1.24906, 0.39653, 0.39653, 0.31746, 0.31746
3.53680, 1.24696, 1.24696, 0.40587, 0.40587, 0.32548, 0.32548
3.54346, 1.24620, 1.24620, 0.41154, 0.41154, 0.33024, 0.33024
3.55011, 1.24604, 1.24604, 0.41725, 0.41725, 0.33486, 0.33486
3.55677, 1.24819, 1.24819, 0.42647, 0.42647, 0.34167, 0.34167
3.56343, 1.25272, 1.25272, 0.43566, 0.43566, 0.34777, 0.34777
3.57008, 1.25712, 1.25712, 0.43950, 0.43950, 0.34960, 0.34960
3.57674, 1.25904, 1.25904, 0.44272, 0.44272, 0.35163, 0.35163
3.58340, 1.26001, 1.26001, 0.45100, 0.45100, 0.35793, 0.35793
3.59006, 1.25907, 1.25907, 0.45829, 0.45829, 0.36399, 0.36399
3.59672, 1.25658, 1.25658, 0.46044, 0.46044, 0.36642, 0.36642
3.60338, 1.25606, 1.25606, 0.46283, 0.46283, 0.36848, 0.36848
3.61004, 1.25794, 1.25794, 0.47071, 0.47071, 0.37419, 0.37419
3.61670, 1.26047, 1.26047, 0.47786, 0.47786, 0.37912, 0.37912
3.62336, 1.26412, 1.26412, 0.48012, 0.48012, 0.37981, 0.37981
3.63002, 1.26777, 1.26777, 0.48406, 0.48406, 0.38182, 0.38182
3.63668, 1.27007, 1.27007, 0.49352, 0.49352, 0.38858, 0.38858
3.64334, 1.27161, 1.27161, 0.50335, 0.50335, 0.39583, 0.39583
3.65000, 1.27258, 1.27258, 0.50553, 0.50553, 0.39725, 0.39725
3.65667, 1.27362, 1.27362, 0.50765, 0.50765, 0.39858, 0.39858
3.66333, 1.27649, 1.27649, 0.51591, 0.51591, 0.40416, 0.40416
3.66999, 1.28079, 1.28079, 0.52523, 0.52523, 0.41008, 0.41008
3.67665, 1.28613, 1.28613, 0.52820, 0.52820, 0.41069, 0.41069
3.68332, 1.29008, 1.29008, 0.53009, 0.53009, 0.41089, 0.41089
3.68998, 1.29036, 1.29036, 0.53987, 0.53987, 0.41839, 0.41839
3.69665, 1.29074, 1.29074, 0.55224, 0.55224, 0.42784, 0.42784
3.70331, 1.29325, 1.29325, 0.55625, 0.55625, 0.43012, 0.43012
3.70998, 1.29651, 1.29651, 0.55446, 0.55446, 0.42766, 0.42766
3.71664, 1.30096, 1.30096, 0.55955, 0.55955, 0.43010, 0.43010
3.72331, 1.30491, 1.30491, 0.57141, 0.57141, 0.43789, 0.43789
3.72998, 1.30939, 1.30939, 0.57706, 0.57706, 0.44071, 0.44071
3.73664, 1.31277, 1.31277, 0.57591, 0.57591, 0.43870, 0.43870
3.74331, 1.31405, 1.31405, 0.57897, 0.57897, 0.44060, 0.44060
3.74998, 1.31236, 1.31236, 0.58932, 0.58932, 0.44905, 0.44905
3.75665, 1.31150, 1.31150, 0.59479, 0.59479, 0.45352, 0.45352
3.76331, 1.31710, 1.31710, 0.59095, 0.59095, 0.44867, 0.44867
3.76998, 1.31653, 1.31653, 0.58994, 0.58994, 0.44810, 0.44810
3.77665, 1.32302, 1.32302, 0.59963, 0.59963, 0.45323, 0.45323
3.78332, 1.32866, 1.32866, 0.61190, 0.61190, 0.46054, 0.46054
3.78999, 1.33179, 1.33179, 0.61321, 0.61321, 0.46044, 0.46044
3.79666, 1.33443, 1.33443, 0.60951, 0.60951, 0.45675, 0.45675
3.80333, 1.33708, 1.33708, 0.61354, 0.61354, 0.45887, 0.45887
3.81000, 1.34034, 1.34034, 0.62609, 0.62609, 0.46711, 0.46711
3.81667, 1.34285, 1.34285, 0.63437, 0.63437, 0.47241, 0.47241
3.82335, 1.34429, 1.34429, 0.63032, 0.63032, 0.46889, 0.46889
3.83002, 1.34087, 1.34087, 0.62736, 0.62736, 0.46787, 0.46787
3.83669, 1.34289, 1.34289, 0.63621, 0.63621, 0.47376, 0.47376
3.84336, 1.35023, 1.35023, 0.65125, 0.65125, 0.48233, 0.48233
3.85004, 1.35965, 1.35965, 0.65723, 0.65723, 0.48338, 0.48338
3.85671, 1.36629, 1.36629, 0.65370, 0.65370, 0.47845, 0.47845
3.86339, 1.37007, 1.37007, 0.65976, 0.65976, 0.48155, 0.48155
3.87006, 1.37148, 1.37148, 0.67692, 0.67692, 0.49357, 0.49357
3.87673, 1.37545, 1.37545, 0.69235, 0.69235, 0.50336, 0.50336
3.88341, 1.38018, 1.38018, 0.69633, 0.69633, 0.50452, 0.50452
3.89008, 1.38460, 1.38460, 0.69643, 0.69643, 0.50298, 0.50298
3.89676, 1.38902, 1.38902, 0.70658, 0.70658, 0.50869, 0.50869
