0.43613, 1.09576, 1.09576, 0.06558, 0.06558, 0.05984, 0.05984
0.44263, 1.09237, 1.09237, 0.06816, 0.06816, 0.06240, 0.06240
0.44914, 1.09091, 1.09091, 0.07148, 0.07148, 0.06552, 0.06552
0.45564, 1.09389, 1.09389, 0.07636, 0.07636, 0.06981, 0.06981
0.46215, 1.09707, 1.09707, 0.07846, 0.07846, 0.07151, 0.07151
0.46865, 1.10638, 1.10638, 0.08409, 0.08409, 0.07600, 0.07600
0.47516, 1.10239, 1.10239, 0.08718, 0.08718, 0.07908, 0.07908
0.48167, 1.09839, 1.09839, 0.09211, 0.09211, 0.08386, 0.08386
0.48817, 1.11045, 1.11045, 0.09665, 0.09665, 0.08704, 0.08704
0.49468, 1.10546, 1.10546, 0.10054, 0.10054, 0.09095, 0.09095
0.50119, 1.11581, 1.11581, 0.10598, 0.10598, 0.09498, 0.09498
0.50770, 1.10561, 1.10561, 0.10954, 0.10954, 0.09908, 0.09908
0.51421, 1.11449, 1.11449, 0.11480, 0.11480, 0.10301, 0.10301
0.52072, 1.11378, 1.11378, 0.12039, 0.12039, 0.10809, 0.10809
0.52723, 1.11137, 1.11137, 0.12070, 0.12070, 0.10861, 0.10861
0.53374, 1.11598, 1.11598, 0.12981, 0.12981, 0.11632, 0.11632
0.54025, 1.11039, 1.11039, 0.13577, 0.13577, 0.12227, 0.12227
0.54676, 1.11801, 1.11801, 0.14163, 0.14163, 0.12668, 0.12668
0.55327, 1.11376, 1.11376, 0.14942, 0.14942, 0.13416, 0.13416
0.55978, 1.12020, 1.12020, 0.16079, 0.16079, 0.14354, 0.14354
0.56629, 1.11441, 1.11441, 0.17847, 0.17847, 0.16014, 0.16014
0.57281, 1.11373, 1.11373, 0.18746, 0.18746, 0.16831, 0.16831
0.57932, 1.11384, 1.11384, 0.19785, 0.19785, 0.17763, 0.17763
0.58583, 1.11338, 1.11338, 0.21213, 0.21213, 0.19053, 0.19053
0.59235, 1.11636, 1.11636, 0.21844, 0.21844, 0.19567, 0.19567
0.59886, 1.11473, 1.11473, 0.22359, 0.22359, 0.20058, 0.20058
0.60538, 1.11558, 1.11558, 0.22737, 0.22737, 0.20381, 0.20381
0.61189, 1.11485, 1.11485, 0.23829, 0.23829, 0.21374, 0.21374
0.61841, 1.11307, 1.11307, 0.23926, 0.23926, 0.21495, 0.21495
0.62492, 1.11891, 1.11891, 0.24943, 0.24943, 0.22293, 0.22293
0.63144, 1.12275, 1.12275, 0.25457, 0.25457, 0.22674, 0.22674
0.70968, 1.12562, 1.12562, 0.27142, 0.27142, 0.24113, 0.24113
0.71620, 1.12539, 1.12539, 0.27040, 0.27040, 0.24027, 0.24027
0.72272, 1.12760, 1.12760, 0.27503, 0.27503, 0.24391, 0.24391
0.72925, 1.12560, 1.12305, 0.27950, 0.28011, 0.24831, 0.24942
0.73577, 1.12909, 1.12644, 0.27300, 0.27362, 0.24178, 0.24291
0.74230, 1.12818, 1.12542, 0.27085, 0.27149, 0.24007, 0.24124
0.74882, 1.12386, 1.12099, 0.26699, 0.26765, 0.23756, 0.23876
0.75535, 1.12973, 1.12673, 0.26849, 0.26919, 0.23766, 0.23891
0.76187, 1.12988, 1.12676, 0.27066, 0.27139, 0.23954, 0.24085
0.76840, 1.12793, 1.12469, 0.27022, 0.27097, 0.23957, 0.24093
0.77492, 1.12880, 1.12542, 0.27404, 0.27484, 0.24277, 0.24421
0.78145, 1.12977, 1.12626, 0.27362, 0.27445, 0.24219, 0.24368
0.78798, 1.13349, 1.12983, 0.27179, 0.27264, 0.23978, 0.24131
0.79451, 1.13220, 1.12841, 0.27061, 0.27149, 0.23901, 0.24059
0.80104, 1.13452, 1.13057, 0.26896, 0.26987, 0.23707, 0.23871
0.80756, 1.13456, 1.13047, 0.26762, 0.26856, 0.23588, 0.23756
0.81409, 1.13665, 1.13240, 0.26863, 0.26961, 0.23633, 0.23809
0.82062, 1.13827, 1.13386, 0.27222, 0.27325, 0.23915, 0.24099
0.82715, 1.14021, 1.13562, 0.27009, 0.27115, 0.23688, 0.23877
0.83368, 1.14015, 1.13540, 0.27172, 0.27282, 0.23832, 0.24029
0.84022, 1.13989, 1.13497, 0.27158, 0.27272, 0.23825, 0.24029
0.84675, 1.14074, 1.13563, 0.27047, 0.27165, 0.23710, 0.23921
0.85328, 1.14308, 1.13778, 0.27038, 0.27160, 0.23654, 0.23871
0.85981, 1.14241, 1.13694, 0.26149, 0.26271, 0.22889, 0.23107
0.86634, 1.14837, 1.14267, 0.26892, 0.27022, 0.23417, 0.23648
0.87288, 1.14490, 1.13903, 0.26629, 0.26762, 0.23259, 0.23495
0.87941, 1.14761, 1.14151, 0.26335, 0.26471, 0.22948, 0.23189
0.88595, 1.14976, 1.14344, 0.26206, 0.26347, 0.22793, 0.23041
0.89248, 1.15155, 1.14501, 0.26426, 0.26572, 0.22948, 0.23207
0.89902, 1.15155, 1.14479, 0.26278, 0.26428, 0.22820, 0.23085
0.90555, 1.14796, 1.14101, 0.25922, 0.26075, 0.22581, 0.22852
0.91209, 1.15156, 1.14435, 0.25856, 0.26014, 0.22453, 0.22732
0.91862, 1.15579, 1.14831, 0.26126, 0.26290, 0.22604, 0.22894
0.92516, 1.14975, 1.14207, 0.25996, 0.26164, 0.22610, 0.22910
0.93170, 1.15172, 1.14379, 0.25420, 0.25591, 0.22072, 0.22374
0.93824, 1.15326, 1.14506, 0.25401, 0.25577, 0.22026, 0.22337
0.94477, 1.15307, 1.14461, 0.25357, 0.25538, 0.21991, 0.22311
0.95131, 1.15033, 1.14163, 0.25672, 0.25861, 0.22317, 0.22652
0.95785, 1.15411, 1.14511, 0.25641, 0.25835, 0.22217, 0.22561
0.96439, 1.14728, 1.13806, 0.25538, 0.25738, 0.22260, 0.22616
0.97093, 1.15077, 1.14123, 0.25347, 0.25552, 0.22026, 0.22390
0.97747, 1.14781, 1.13801, 0.25213, 0.25422, 0.21966, 0.22339
0.98401, 1.14812, 1.13802, 0.24692, 0.24904, 0.21507, 0.21883
0.99055, 1.14723, 1.13684, 0.24642, 0.24859, 0.21479, 0.21867
0.99710, 1.14623, 1.13553, 0.24809, 0.25034, 0.21644, 0.22046
1.00364, 1.14779, 1.13676, 0.25121, 0.25356, 0.21886, 0.22305
1.01018, 1.14525, 1.13392, 0.24789, 0.25027, 0.21645, 0.22072
1.04720, 1.12957, 1.12957, 0.24457, 0.24457, 0.21651, 0.21651
1.05375, 1.12979, 1.12979, 0.24433, 0.24433, 0.21626, 0.21626
1.06030, 1.13959, 1.13959, 0.24434, 0.24434, 0.21441, 0.21441
1.06685, 1.13664, 1.13664, 0.24449, 0.24449, 0.21510, 0.21510
1.07341, 1.13136, 1.13136, 0.24544, 0.24544, 0.21694, 0.21694
1.07996, 1.13075, 1.13075, 0.24349, 0.24349, 0.21533, 0.21533
1.08651, 1.13186, 1.13186, 0.24472, 0.24472, 0.21621, 0.21621
1.09307, 1.13620, 1.13620, 0.24587, 0.24587, 0.21640, 0.21640
1.09962, 1.13703, 1.13703, 0.24597, 0.24597, 0.21633, 0.21633
1.10617, 1.13839, 1.13839, 0.24786, 0.24786, 0.21773, 0.21773
1.11273, 1.13329, 1.13329, 0.24774, 0.24774, 0.21860, 0.21860
1.11928, 1.13126, 1.13126, 0.24872, 0.24872, 0.21986, 0.21986
1.12584, 1.13515, 1.13515, 0.24969, 0.24969, 0.21996, 0.21996
1.13239, 1.14037, 1.14037, 0.25007, 0.25007, 0.21929, 0.21929
1.13895, 1.14156, 1.14156, 0.25000, 0.25000, 0.21899, 0.21899
1.14551, 1.14296, 1.14296, 0.24994, 0.24994, 0.21867, 0.21867
1.15206, 1.13874, 1.13874, 0.25014, 0.25014, 0.21966, 0.21966
1.15862, 1.14246, 1.14246, 0.25064, 0.25064, 0.21938, 0.21938
1.16518, 1.13966, 1.13966, 0.24819, 0.24819, 0.21777, 0.21777
1.17173, 1.14192, 1.14192, 0.24983, 0.24983, 0.21878, 0.21878
1.17829, 1.13552, 1.13552, 0.24833, 0.24833, 0.21869, 0.21869
1.18485, 1.13778, 1.13778, 0.24532, 0.24532, 0.21561, 0.21561
1.19141, 1.14229, 1.14229, 0.25084, 0.25084, 0.21959, 0.21959
1.19797, 1.14309, 1.14309, 0.24994, 0.24994, 0.21865, 0.21865
1.20453, 1.14223, 1.14223, 0.24878, 0.24878, 0.21781, 0.21781
1.21109, 1.14672, 1.14672, 0.24966, 0.24966, 0.21772, 0.21772
1.21765, 1.14762, 1.14762, 0.24946, 0.24946, 0.21737, 0.21737
1.22421, 1.14443, 1.14443, 0.24862, 0.24862, 0.21724, 0.21724
1.23077, 1.13810, 1.13810, 0.24804, 0.24804, 0.21794, 0.21794
1.23733, 1.14305, 1.14305, 0.24897, 0.24897, 0.21781, 0.21781
1.24389, 1.14900, 1.14900, 0.25010, 0.25010, 0.21767, 0.21767
1.25045, 1.14640, 1.14640, 0.25079, 0.25079, 0.21876, 0.21876
1.25701, 1.14739, 1.14739, 0.24908, 0.24908, 0.21708, 0.21708
1.26357, 1.14481, 1.14481, 0.25160, 0.25160, 0.21978, 0.21978
1.27014, 1.14625, 1.14625, 0.25327, 0.25327, 0.22095, 0.22095
1.27670, 1.14705, 1.14705, 0.25238, 0.25238, 0.22002, 0.22002
1.28326, 1.15142, 1.15142, 0.25134, 0.25134, 0.21829, 0.21829
1.28983, 1.14782, 1.14782, 0.25284, 0.25284, 0.22028, 0.22028
1.29639, 1.15640, 1.15640, 0.25336, 0.25336, 0.21910, 0.21910
1.30295, 1.15053, 1.15053, 0.25452, 0.25452, 0.22122, 0.22122
1.30952, 1.15653, 1.15653, 0.25313, 0.25313, 0.21887, 0.21887
1.31608, 1.15369, 1.15369, 0.25278, 0.25278, 0.21911, 0.21911
1.32265, 1.14932, 1.14932, 0.25324, 0.25324, 0.22034, 0.22034
1.32921, 1.15387, 1.15387, 0.25230, 0.25230, 0.21865, 0.21865
1.33578, 1.14760, 1.14760, 0.25224, 0.25224, 0.21980, 0.21980
1.34234, 1.14612, 1.14612, 0.25347, 0.25347, 0.22116, 0.22116
1.34891, 1.15447, 1.15447, 0.25500, 0.25500, 0.22088, 0.22088
1.35548, 1.15639, 1.15639, 0.25913, 0.25913, 0.22409, 0.22409
1.36205, 1.15186, 1.15186, 0.25812, 0.25812, 0.22409, 0.22409
1.36861, 1.15047, 1.15047, 0.25572, 0.25572, 0.22228, 0.22228
1.37518, 1.15239, 1.15239, 0.25551, 0.25551, 0.22172, 0.22172
1.38175, 1.14267, 1.14267, 0.25644, 0.25644, 0.22442, 0.22442
1.38832, 1.14030, 1.14030, 0.25293, 0.25293, 0.22180, 0.22180
1.39489, 1.15035, 1.15035, 0.25416, 0.25416, 0.22094, 0.22094
1.40145, 1.14454, 1.14454, 0.25523, 0.25523, 0.22300, 0.22300
1.40802, 1.14677, 1.14677, 0.25669, 0.25669, 0.22383, 0.22383
1.41459, 1.14417, 1.14417, 0.25442, 0.25442, 0.22236, 0.22236
1.42116, 1.12578, 1.12578, 0.25210, 0.25210, 0.22393, 0.22393
1.42773, 1.12307, 1.12307, 0.25194, 0.25194, 0.22433, 0.22433
1.43431, 1.12981, 1.12981, 0.25290, 0.25290, 0.22384, 0.22384
1.44088, 1.12878, 1.12878, 0.25176, 0.25176, 0.22304, 0.22304
1.44745, 1.13504, 1.13504, 0.25320, 0.25320, 0.22308, 0.22308
1.45402, 1.12923, 1.12923, 0.25189, 0.25189, 0.22306, 0.22306
1.46059, 1.12612, 1.12612, 0.25227, 0.25227, 0.22402, 0.22402
1.46716, 1.12465, 1.12465, 0.24854, 0.24854, 0.22100, 0.22100
1.47374, 1.11671, 1.11671, 0.24818, 0.24818, 0.22224, 0.22224
1.48031, 1.11483, 1.11483, 0.24719, 0.24719, 0.22173, 0.22173
1.48688, 1.12110, 1.12110, 0.24631, 0.24631, 0.21970, 0.21970
1.49346, 1.12809, 1.12809, 0.25062, 0.25062, 0.22216, 0.22216
1.50003, 1.13902, 1.13902, 0.25146, 0.25146, 0.22077, 0.22077
1.50661, 1.14677, 1.14677, 0.25034, 0.25034, 0.21830, 0.21830
1.51318, 1.14687, 1.14687, 0.25433, 0.25433, 0.22176, 0.22176
1.51976, 1.15089, 1.15089, 0.25479, 0.25479, 0.22139, 0.22139
1.52633, 1.16065, 1.16065, 0.25429, 0.25429, 0.21909, 0.21909
1.53291, 1.15485, 1.15485, 0.25602, 0.25602, 0.22169, 0.22169
1.53948, 1.15596, 1.15596, 0.25638, 0.25638, 0.22179, 0.22179
1.54606, 1.15441, 1.15441, 0.25866, 0.25866, 0.22406, 0.22406
1.55264, 1.15964, 1.15964, 0.25796, 0.25796, 0.22245, 0.22245
1.55921, 1.16529, 1.16529, 0.25778, 0.25778, 0.22121, 0.22121
1.56579, 1.17226, 1.17226, 0.26044, 0.26044, 0.22217, 0.22217
1.57237, 1.17039, 1.17039, 0.25880, 0.25880, 0.22112, 0.22112
1.57895, 1.16497, 1.16497, 0.25724, 0.25724, 0.22081, 0.22081
1.58552, 1.17074, 1.17074, 0.25883, 0.25883, 0.22108, 0.22108
1.59210, 1.16927, 1.16927, 0.25667, 0.25667, 0.21951, 0.21951
1.59868, 1.16789, 1.16789, 0.25802, 0.25802, 0.22093, 0.22093
1.60526, 1.17834, 1.17834, 0.25722, 0.25722, 0.21829, 0.21829
1.61184, 1.17848, 1.17848, 0.25804, 0.25804, 0.21896, 0.21896
1.61842, 1.18490, 1.18490, 0.25945, 0.25945, 0.21896, 0.21896
1.62500, 1.17547, 1.17547, 0.25812, 0.25812, 0.21958, 0.21958
1.63158, 1.17803, 1.17803, 0.26031, 0.26031, 0.22097, 0.22097
1.63816, 1.18440, 1.18440, 0.25839, 0.25839, 0.21816, 0.21816
1.64474, 1.18490, 1.18490, 0.25853, 0.25853, 0.21818, 0.21818
1.67107, 1.17723, 1.17723, 0.25822, 0.25822, 0.21934, 0.21934
1.67766, 1.18523, 1.18523, 0.25806, 0.25806, 0.21773, 0.21773
1.68424, 1.18598, 1.18598, 0.25703, 0.25703, 0.21673, 0.21673
1.69082, 1.18453, 1.18453, 0.25832, 0.25832, 0.21808, 0.21808
1.69741, 1.18847, 1.18847, 0.25840, 0.25840, 0.21742, 0.21742
1.70399, 1.19107, 1.19107, 0.25886, 0.25886, 0.21733, 0.21733
1.71058, 1.18650, 1.18650, 0.25728, 0.25728, 0.21684, 0.21684
1.71716, 1.18621, 1.18621, 0.25721, 0.25721, 0.21683, 0.21683
1.72375, 1.18491, 1.18491, 0.25848, 0.25848, 0.21814, 0.21814
1.73033, 1.18413, 1.18413, 0.25612, 0.25612, 0.21629, 0.21629
1.73692, 1.17088, 1.17088, 0.25457, 0.25457, 0.21742, 0.21742
1.74351, 1.17523, 1.17523, 0.25362, 0.25362, 0.21581, 0.21581
1.75009, 1.16795, 1.16795, 0.25175, 0.25175, 0.21555, 0.21555
1.75668, 1.16995, 1.16995, 0.25176, 0.25176, 0.21519, 0.21519
1.76327, 1.16645, 1.16645, 0.25137, 0.25137, 0.21550, 0.21550
1.76985, 1.16655, 1.16655, 0.25187, 0.25187, 0.21591, 0.21591
1.77644, 1.17654, 1.17654, 0.25389, 0.25389, 0.21579, 0.21579
1.78303, 1.17754, 1.17754, 0.25267, 0.25267, 0.21458, 0.21458
1.78962, 1.18444, 1.18444, 0.25500, 0.25500, 0.21529, 0.21529
1.79621, 1.19080, 1.19080, 0.25521, 0.25521, 0.21432, 0.21432
1.80280, 1.19783, 1.19783, 0.25719, 0.25719, 0.21471, 0.21471
1.80939, 1.19837, 1.19837, 0.25802, 0.25802, 0.21531, 0.21531
1.81598, 1.20001, 1.20001, 0.25850, 0.25850, 0.21542, 0.21542
1.82257, 1.20578, 1.20578, 0.25789, 0.25789, 0.21388, 0.21388
1.82916, 1.20131, 1.20131, 0.25841, 0.25841, 0.21510, 0.21510
1.83575, 1.20614, 1.20614, 0.25927, 0.25927, 0.21496, 0.21496
1.84234, 1.20892, 1.20892, 0.25876, 0.25876, 0.21404, 0.21404
1.84893, 1.20855, 1.20855, 0.25963, 0.25963, 0.21483, 0.21483
1.85552, 1.21381, 1.21381, 0.25829, 0.25829, 0.21279, 0.21279
1.86212, 1.20447, 1.20447, 0.25984, 0.25984, 0.21573, 0.21573
1.86871, 1.21431, 1.21431, 0.26168, 0.26168, 0.21550, 0.21550
1.87530, 1.19941, 1.19941, 0.25781, 0.25781, 0.21495, 0.21495
1.88190, 1.18800, 1.18800, 0.25399, 0.25399, 0.21380, 0.21380
1.88849, 1.18552, 1.18552, 0.25415, 0.25415, 0.21438, 0.21438
1.89508, 1.17923, 1.17923, 0.25259, 0.25259, 0.21420, 0.21420
1.90168, 1.16833, 1.16833, 0.25037, 0.25037, 0.21429, 0.21429
1.90827, 1.16469, 1.16469, 0.24974, 0.24974, 0.21443, 0.21443
1.91487, 1.15936, 1.15936, 0.24851, 0.24851, 0.21435, 0.21435
1.92146, 1.15635, 1.15635, 0.24693, 0.24693, 0.21355, 0.21355
1.92806, 1.16285, 1.16285, 0.24735, 0.24735, 0.21271, 0.21271
1.93465, 1.14067, 1.14067, 0.24803, 0.24803, 0.21745, 0.21745
1.94125, 1.14936, 1.14936, 0.25257, 0.25257, 0.21975, 0.21975
1.94785, 1.15356, 1.15356, 0.25782, 0.25782, 0.22350, 0.22350
1.95444, 1.15281, 1.15281, 0.25480, 0.25480, 0.22102, 0.22102
1.96104, 1.14464, 1.14464, 0.24679, 0.24679, 0.21561, 0.21561
1.96764, 1.15503, 1.15503, 0.24858, 0.24858, 0.21521, 0.21521
1.97424, 1.14115, 1.14115, 0.24760, 0.24760, 0.21698, 0.21698
1.98084, 1.13467, 1.13467, 0.24713, 0.24713, 0.21780, 0.21780
1.98743, 1.14075, 1.14075, 0.24635, 0.24635, 0.21595, 0.21595
1.99403, 1.14239, 1.14239, 0.25622, 0.25622, 0.22428, 0.22428
2.00063, 1.15226, 1.15226, 0.26710, 0.26710, 0.23180, 0.23180
2.00723, 1.13402, 1.13402, 0.24694, 0.24694, 0.21775, 0.21775
2.01383, 1.14002, 1.14002, 0.25109, 0.25109, 0.22025, 0.22025
2.02043, 1.15687, 1.15687, 0.26000, 0.26000, 0.22474, 0.22474
2.02703, 1.13616, 1.13616, 0.25520, 0.25520, 0.22462, 0.22462
2.03363, 1.13724, 1.13724, 0.25142, 0.25142, 0.22108, 0.22108
2.04024, 1.12096, 1.12096, 0.24687, 0.24687, 0.22023, 0.22023
2.04684, 1.12515, 1.12515, 0.24876, 0.24876, 0.22109, 0.22109
2.05344, 1.12725, 1.12725, 0.24534, 0.24534, 0.21764, 0.21764
2.06004, 1.11830, 1.11830, 0.24073, 0.24073, 0.21526, 0.21526
2.06664, 1.13057, 1.13057, 0.24891, 0.24891, 0.22017, 0.22017
2.07325, 1.12766, 1.12766, 0.24973, 0.24973, 0.22146, 0.22146
2.07985, 1.12086, 1.12086, 0.24671, 0.24671, 0.22011, 0.22011
2.08645, 1.12264, 1.12264, 0.24491, 0.24491, 0.21816, 0.21816
2.09306, 1.10735, 1.10735, 0.24166, 0.24166, 0.21823, 0.21823
2.09966, 1.10663, 1.10663, 0.23939, 0.23939, 0.21632, 0.21632
2.10627, 1.10003, 1.10003, 0.23562, 0.23562, 0.21420, 0.21420
2.11287, 1.09078, 1.09078, 0.23238, 0.23238, 0.21304, 0.21304
2.11948, 1.07961, 1.07961, 0.23102, 0.23102, 0.21399, 0.21399
2.12608, 1.06977, 1.06977, 0.22805, 0.22805, 0.21317, 0.21317
2.13269, 1.06115, 1.06115, 0.22554, 0.22554, 0.21254, 0.21254
2.13930, 1.05650, 1.05650, 0.22333, 0.22333, 0.21138, 0.21138
2.14590, 1.03903, 1.03903, 0.22064, 0.22064, 0.21235, 0.21235
2.15251, 1.02788, 1.02788, 0.21765, 0.21765, 0.21175, 0.21175
2.15912, 1.01618, 1.01618, 0.21682, 0.21682, 0.21336, 0.21336
2.16572, 1.02020, 1.02020, 0.21601, 0.21601, 0.21173, 0.21173
2.17233, 1.01677, 1.01677, 0.21561, 0.21561, 0.21205, 0.21205
2.17894, 1.01460, 1.01460, 0.21452, 0.21452, 0.21143, 0.21143
2.18555, 1.02344, 1.02344, 0.21529, 0.21529, 0.21036, 0.21036
2.19216, 1.02980, 1.02980, 0.21656, 0.21656, 0.21029, 0.21029
2.19877, 1.02670, 1.02670, 0.21603, 0.21603, 0.21041, 0.21041
2.20538, 1.03397, 1.03397, 0.21819, 0.21819, 0.21102, 0.21102
2.21199, 1.03938, 1.03938, 0.21925, 0.21925, 0.21094, 0.21094
2.21860, 1.04922, 1.04922, 0.22215, 0.22215, 0.21173, 0.21173
2.22521, 1.06415, 1.06415, 0.22595, 0.22595, 0.21233, 0.21233
2.23182, 1.08258, 1.08258, 0.22927, 0.22927, 0.21178, 0.21178
2.23843, 1.08378, 1.08378, 0.23021, 0.23021, 0.21241, 0.21241
2.24504, 1.08745, 1.08745, 0.23134, 0.23134, 0.21274, 0.21274
2.25165, 1.09693, 1.09693, 0.23285, 0.23285, 0.21227, 0.21227
2.25827, 1.10068, 1.10068, 0.23355, 0.23355, 0.21219, 0.21219
2.26488, 1.10633, 1.10633, 0.23417, 0.23417, 0.21166, 0.21166
2.27149, 1.11082, 1.11082, 0.23607, 0.23607, 0.21252, 0.21252
2.27810, 1.11013, 1.11013, 0.23543, 0.23543, 0.21207, 0.21207
2.28472, 1.11235, 1.11235, 0.23670, 0.23670, 0.21279, 0.21279
2.29133, 1.10995, 1.10995, 0.23498, 0.23498, 0.21170, 0.21170
2.29795, 1.10525, 1.10525, 0.23561, 0.23561, 0.21318, 0.21318
2.30456, 1.09556, 1.09556, 0.23267, 0.23267, 0.21237, 0.21237
2.31118, 1.08329, 1.08329, 0.23062, 0.23062, 0.21289, 0.21289
2.31779, 1.07438, 1.07438, 0.22939, 0.22939, 0.21351, 0.21351
2.32441, 1.07032, 1.07032, 0.22834, 0.22834, 0.21334, 0.21334
2.33102, 1.08499, 1.08499, 0.23799, 0.23799, 0.21935, 0.21935
2.33764, 1.08202, 1.08202, 0.22885, 0.22885, 0.21150, 0.21150
2.34426, 1.08196, 1.08196, 0.22933, 0.22933, 0.21196, 0.21196
2.35087, 1.08067, 1.08067, 0.22912, 0.22912, 0.21202, 0.21202
2.35749, 1.07641, 1.07641, 0.22867, 0.22867, 0.21244, 0.21244
2.36411, 1.07376, 1.07376, 0.22795, 0.22795, 0.21229, 0.21229
2.37072, 1.06810, 1.06810, 0.22710, 0.22710, 0.21262, 0.21262
2.37734, 1.05499, 1.05499, 0.22611, 0.22611, 0.21432, 0.21432
2.38396, 1.04113, 1.04113, 0.22294, 0.22294, 0.21413, 0.21413
2.39058, 1.03235, 1.03235, 0.22041, 0.22041, 0.21350, 0.21350
2.39720, 1.01495, 1.01495, 0.21725, 0.21725, 0.21405, 0.21405
2.40382, 1.01866, 1.01866, 0.21547, 0.21547, 0.21152, 0.21152
2.41044, 1.01260, 1.01260, 0.21453, 0.21453, 0.21186, 0.21186
2.41706, 0.99428, 0.99428, 0.21406, 0.21406, 0.21529, 0.21529
2.42368, 0.99220, 0.99220, 0.21171, 0.21171, 0.21337, 0.21337
2.43030, 0.98932, 0.98932, 0.20978, 0.20978, 0.21204, 0.21204
2.43692, 0.98248, 0.98248, 0.20941, 0.20941, 0.21314, 0.21314
2.44354, 0.97736, 0.97736, 0.21083, 0.21083, 0.21571, 0.21571
2.45017, 0.96317, 0.96317, 0.20594, 0.20594, 0.21382, 0.21382
2.45679, 0.96945, 0.96945, 0.20596, 0.20596, 0.21245, 0.21245
2.46341, 0.97444, 0.97444, 0.20783, 0.20783, 0.21328, 0.21328
2.47003, 0.96928, 0.96928, 0.20611, 0.20611, 0.21265, 0.21265
2.47666, 0.97490, 0.97490, 0.20608, 0.20608, 0.21139, 0.21139
2.48328, 0.96781, 0.96781, 0.20408, 0.20408, 0.21087, 0.21087
2.48990, 0.96325, 0.96325, 0.20493, 0.20493, 0.21275, 0.21275
2.49653, 0.94986, 0.94986, 0.20206, 0.20206, 0.21272, 0.21272
2.50312, 0.94498, 0.94498, 0.20078, 0.20078, 0.21247, 0.21247
2.50972, 0.95075, 0.95075, 0.20245, 0.20245, 0.21294, 0.21294
2.51632, 0.94184, 0.94184, 0.20281, 0.20281, 0.21533, 0.21533
2.52292, 0.94194, 0.94194, 0.20058, 0.20058, 0.21294, 0.21294
2.52951, 0.94354, 0.94354, 0.19932, 0.19932, 0.21125, 0.21125
2.53611, 0.94551, 0.94551, 0.20158, 0.20158, 0.21320, 0.21320
2.54271, 0.95494, 0.95494, 0.20362, 0.20362, 0.21323, 0.21323
2.54931, 0.95244, 0.95244, 0.20187, 0.20187, 0.21195, 0.21195
2.55591, 0.96000, 0.96000, 0.20243, 0.20243, 0.21086, 0.21086
2.56251, 0.95205, 0.95205, 0.20488, 0.20488, 0.21519, 0.21519
2.56911, 0.95943, 0.95943, 0.20392, 0.20392, 0.21254, 0.21254
2.57571, 0.97700, 0.97700, 0.20580, 0.20580, 0.21064, 0.21064
2.58231, 0.98118, 0.98118, 0.20602, 0.20602, 0.20997, 0.20997
2.58891, 0.96918, 0.96918, 0.20693, 0.20693, 0.21351, 0.21351
2.59551, 0.96412, 0.96412, 0.20827, 0.20827, 0.21602, 0.21602
2.60212, 0.96652, 0.96652, 0.20736, 0.20736, 0.21454, 0.21454
2.60872, 0.97226, 0.97226, 0.20982, 0.20982, 0.21581, 0.21581
2.61532, 0.97931, 0.97931, 0.20960, 0.20960, 0.21402, 0.21402
2.62192, 0.96962, 0.96962, 0.21083, 0.21083, 0.21743, 0.21743
2.62853, 0.97564, 0.97564, 0.20833, 0.20833, 0.21353, 0.21353
2.63513, 0.97941, 0.97941, 0.20985, 0.20985, 0.21426, 0.21426
2.64174, 0.97777, 0.97777, 0.20490, 0.20490, 0.20956, 0.20956
2.64834, 0.97418, 0.97418, 0.20270, 0.20270, 0.20807, 0.20807
2.65495, 0.96993, 0.96993, 0.20830, 0.20830, 0.21476, 0.21476
2.84004, 65535.0, 65535.0, 65535.0, 65535.0, 65535.0, 65535.0
2.84666, 0.88881, 0.88881, 0.06979, 0.06979, 0.07852, 0.07852
2.85328, 0.90110, 0.90110, 0.07092, 0.07092, 0.07870, 0.07870
2.85989, 0.86683, 0.86683, 0.06849, 0.06849, 0.07901, 0.07901
2.86651, 0.85877, 0.85877, 0.06527, 0.06527, 0.07601, 0.07601
2.87313, 0.87418, 0.87418, 0.06587, 0.06587, 0.07535, 0.07535
2.87975, 0.84931, 0.84931, 0.06359, 0.06359, 0.07487, 0.07487
2.88636, 65535.0, 65535.0, 65535.0, 65535.0, 0.07296, 0.07296
2.89298, 65535.0, 65535.0, 65535.0, 65535.0, 0.07057, 0.07057
2.89960, 0.79893, 0.79893, 0.05748, 0.05748, 0.07194, 0.07194
2.90622, 0.81389, 0.81389, 0.05946, 0.05946, 0.07305, 0.07305
2.91284, 65535.0, 65535.0, 65535.0, 65535.0, 0.07343, 0.07343
2.91946, 0.75883, 0.75883, 0.05629, 0.05629, 0.07419, 0.07419
2.92608, 0.72566, 0.72566, 0.05452, 0.05452, 0.07513, 0.07513
2.93270, 0.70992, 0.70992, 0.05336, 0.05336, 0.07517, 0.07517
2.93932, 0.72072, 0.72072, 0.05235, 0.05235, 0.07264, 0.07264
2.94595, 0.74950, 0.74950, 0.05257, 0.05257, 0.07015, 0.07015
2.95257, 0.75694, 0.75694, 0.05210, 0.05210, 0.06883, 0.06883
2.95919, 0.76807, 0.76807, 0.05341, 0.05341, 0.06954, 0.06954
2.96581, 0.77760, 0.77760, 0.05517, 0.05517, 0.07095, 0.07095
2.97244, 0.76560, 0.76560, 0.05458, 0.05458, 0.07129, 0.07129
2.97906, 0.75732, 0.75732, 0.05414, 0.05414, 0.07148, 0.07148
2.98568, 0.75529, 0.75529, 0.05458, 0.05458, 0.07227, 0.07227
2.99231, 0.77137, 0.77137, 0.05681, 0.05681, 0.07365, 0.07365
2.99893, 0.78198, 0.78198, 0.05728, 0.05728, 0.07325, 0.07325
3.00556, 0.78853, 0.78853, 0.05786, 0.05786, 0.07338, 0.07338
3.01218, 0.79838, 0.79838, 0.05832, 0.05832, 0.07305, 0.07305
3.01881, 0.79065, 0.79065, 0.05713, 0.05713, 0.07226, 0.07226
3.02544, 0.76669, 0.76669, 0.05470, 0.05470, 0.07134, 0.07134
3.03206, 0.71877, 0.71877, 0.05472, 0.05472, 0.07612, 0.07612
3.03869, 0.67337, 0.67337, 0.05357, 0.05357, 0.07956, 0.07956
3.04532, 0.66948, 0.66948, 0.05591, 0.05591, 0.08352, 0.08352
3.05195, 0.69078, 0.69078, 0.05698, 0.05698, 0.08249, 0.08249
3.05857, 0.71352, 0.71352, 0.05494, 0.05494, 0.07701, 0.07701
3.06520, 0.73125, 0.73125, 0.05726, 0.05726, 0.07831, 0.07831
3.07183, 0.76571, 0.76571, 0.06323, 0.06323, 0.08257, 0.08257
3.07846, 0.77413, 0.77413, 0.06784, 0.06784, 0.08763, 0.08763
3.08509, 0.74823, 0.74823, 0.06580, 0.06580, 0.08794, 0.08794
3.09172, 0.74703, 0.74703, 0.05799, 0.05799, 0.07762, 0.07762
3.09835, 0.75554, 0.75554, 0.05665, 0.05665, 0.07498, 0.07498
3.10498, 0.76752, 0.76752, 0.05744, 0.05744, 0.07484, 0.07484
3.11161, 65535.0, 65535.0, 65535.0, 65535.0, 0.07427, 0.07427
3.11825, 65535.0, 65535.0, 65535.0, 65535.0, 0.07297, 0.07297
3.12488, 65535.0, 65535.0, 65535.0, 65535.0, 0.07373, 0.07373
3.13151, 65535.0, 65535.0, 65535.0, 65535.0, 0.07525, 0.07525
3.13814, 65535.0, 65535.0, 65535.0, 65535.0, 65535.0, 65535.0
3.14478, 0.72097, 0.72097, 0.05460, 0.05460, 0.07573, 0.07573
3.15141, 0.73494, 0.73494, 0.05575, 0.05575, 0.07586, 0.07586
3.15804, 0.75819, 0.75819, 0.05961, 0.05961, 0.07862, 0.07862
3.16468, 65535.0, 65535.0, 0.06313, 0.06313, 65535.0, 65535.0
3.17131, 0.76281, 0.76281, 0.06488, 0.06488, 0.08506, 0.08506
3.17795, 0.77058, 0.77058, 0.06483, 0.06483, 0.08413, 0.08413
3.18458, 0.78059, 0.78059, 0.06445, 0.06445, 0.08256, 0.08256
3.19122, 0.76473, 0.76473, 0.06646, 0.06646, 0.08690, 0.08690
3.19785, 0.72942, 0.72942, 0.06815, 0.06815, 0.09343, 0.09343
3.20449, 0.72995, 0.72995, 0.06830, 0.06830, 0.09357, 0.09357
3.21113, 0.73357, 0.73357, 0.06883, 0.06883, 0.09383, 0.09383
3.21776, 0.74886, 0.74886, 0.06958, 0.06958, 0.09292, 0.09292
3.22440, 0.78620, 0.78620, 0.07258, 0.07258, 0.09232, 0.09232
3.23104, 0.80385, 0.80385, 0.07643, 0.07643, 0.09508, 0.09508
3.23768, 0.80801, 0.80801, 0.07761, 0.07761, 0.09606, 0.09606
3.24432, 0.80551, 0.80551, 0.07806, 0.07806, 0.09691, 0.09691
3.25096, 0.79821, 0.79821, 0.07864, 0.07864, 0.09852, 0.09852
3.25760, 0.80356, 0.80356, 0.07956, 0.07956, 0.09900, 0.09900
3.26424, 0.80597, 0.80597, 0.07986, 0.07986, 0.09908, 0.09908
3.27088, 0.80325, 0.80325, 0.07957, 0.07957, 0.09906, 0.09906
3.27752, 0.80434, 0.80434, 0.08093, 0.08093, 0.10061, 0.10061
3.28416, 0.81037, 0.81037, 0.08407, 0.08407, 0.10374, 0.10374
3.29080, 0.82287, 0.82287, 0.08800, 0.08800, 0.10694, 0.10694
3.29744, 0.83406, 0.83406, 0.09207, 0.09207, 0.11038, 0.11038
3.30408, 0.84819, 0.84819, 0.09527, 0.09527, 0.11232, 0.11232
3.31073, 0.86934, 0.86934, 0.09712, 0.09712, 0.11171, 0.11171
3.31737, 0.87061, 0.87061, 0.09945, 0.09945, 0.11423, 0.11423
3.32401, 0.84411, 0.84411, 0.09906, 0.09906, 0.11736, 0.11736
3.33066, 0.82261, 0.82261, 0.09823, 0.09823, 0.11942, 0.11942
3.33730, 0.84087, 0.84087, 0.10348, 0.10348, 0.12306, 0.12306
3.34395, 0.86730, 0.86730, 0.10898, 0.10898, 0.12565, 0.12565
3.35059, 0.84774, 0.84774, 0.10860, 0.10860, 0.12810, 0.12810
3.35724, 0.83209, 0.83209, 0.10766, 0.10766, 0.12939, 0.12939
3.36388, 0.83215, 0.83215, 0.10813, 0.10813, 0.12994, 0.12994
3.37053, 0.83223, 0.83223, 0.10911, 0.10911, 0.13111, 0.13111
3.37717, 0.84038, 0.84038, 0.11252, 0.11252, 0.13389, 0.13389
3.38382, 0.84481, 0.84481, 0.11369, 0.11369, 0.13458, 0.13458
3.39047, 0.84108, 0.84108, 0.11434, 0.11434, 0.13595, 0.13595
3.39712, 0.84108, 0.84108, 0.11461, 0.11461, 0.13627, 0.13627
3.40376, 0.83775, 0.83775, 0.11622, 0.11622, 0.13873, 0.13873
3.41041, 0.82817, 0.82817, 0.11652, 0.11652, 0.14069, 0.14069
3.41706, 0.83751, 0.83751, 0.11947, 0.11947, 0.14265, 0.14265
3.42371, 0.86374, 0.86374, 0.12174, 0.12174, 0.14095, 0.14095
3.43036, 0.88150, 0.88150, 0.12347, 0.12347, 0.14007, 0.14007
3.43701, 0.88041, 0.88041, 0.12521, 0.12521, 0.14222, 0.14222
3.44366, 0.84415, 0.84415, 0.12591, 0.12591, 0.14915, 0.14915
3.45031, 0.82082, 0.82082, 0.12635, 0.12635, 0.15393, 0.15393
3.45696, 0.83285, 0.83285, 0.12908, 0.12908, 0.15499, 0.15499
3.46361, 0.86346, 0.86346, 0.13469, 0.13469, 0.15598, 0.15598
3.47026, 0.87287, 0.87287, 0.13673, 0.13673, 0.15664, 0.15664
3.47692, 0.86091, 0.86091, 0.13548, 0.13548, 0.15737, 0.15737
3.48357, 0.84029, 0.84029, 0.13304, 0.13304, 0.15833, 0.15833
3.49022, 0.82885, 0.82885, 0.13373, 0.13373, 0.16135, 0.16135
3.49687, 0.83878, 0.83878, 0.13729, 0.13729, 0.16367, 0.16367
3.50353, 0.83382, 0.83382, 0.13985, 0.13985, 0.16772, 0.16772
3.51018, 0.82203, 0.82203, 0.14431, 0.14431, 0.17555, 0.17555
3.51684, 0.79701, 0.79701, 0.14691, 0.14691, 0.18433, 0.18433
3.52349, 0.78712, 0.78712, 0.15007, 0.15007, 0.19066, 0.19066
3.53015, 0.78825, 0.78825, 0.15402, 0.15402, 0.19540, 0.19540
3.53680, 0.81697, 0.81697, 0.16010, 0.16010, 0.19597, 0.19597
3.54346, 0.86097, 0.86097, 0.16766, 0.16766, 0.19474, 0.19474
3.55011, 0.90256, 0.90256, 0.17337, 0.17337, 0.19209, 0.19209
3.55677, 0.90852, 0.90852, 0.17545, 0.17545, 0.19312, 0.19312
3.56343, 0.90771, 0.90771, 0.17892, 0.17892, 0.19711, 0.19711
3.57008, 0.90385, 0.90385, 0.18170, 0.18170, 0.20103, 0.20103
3.57674, 0.89276, 0.89276, 0.18059, 0.18059, 0.20228, 0.20228
3.58340, 0.89435, 0.89435, 0.17975, 0.17975, 0.20098, 0.20098
3.59006, 0.89296, 0.89296, 0.17772, 0.17772, 0.19902, 0.19902
3.59672, 0.88654, 0.88654, 0.18122, 0.18122, 0.20441, 0.20441
3.60338, 0.86379, 0.86379, 0.18713, 0.18713, 0.21664, 0.21664
3.61004, 0.82748, 0.82748, 0.19109, 0.19109, 0.23093, 0.23093
3.61670, 0.82721, 0.82721, 0.19621, 0.19621, 0.23720, 0.23720
3.62336, 0.86952, 0.86952, 0.20010, 0.20010, 0.23012, 0.23012
3.63002, 0.88914, 0.88914, 0.20238, 0.20238, 0.22761, 0.22761
3.63668, 0.91311, 0.91311, 0.20124, 0.20124, 0.22039, 0.22039
3.64334, 0.91577, 0.91577, 0.20179, 0.20179, 0.22035, 0.22035
3.65000, 0.92113, 0.92113, 0.20439, 0.20439, 0.22189, 0.22189
3.65667, 0.92141, 0.92141, 0.20598, 0.20598, 0.22355, 0.22355
3.66333, 0.91924, 0.91924, 0.20627, 0.20627, 0.22439, 0.22439
3.66999, 0.91566, 0.91566, 0.20366, 0.20366, 0.22241, 0.22241
3.67665, 0.91844, 0.91844, 0.20289, 0.20289, 0.22091, 0.22091
3.68332, 0.91684, 0.91684, 0.20425, 0.20425, 0.22277, 0.22277
3.68998, 0.90551, 0.90551, 0.20541, 0.20541, 0.22685, 0.22685
3.69665, 0.89093, 0.89093, 0.20501, 0.20501, 0.23010, 0.23010
3.70331, 0.90824, 0.90824, 0.20916, 0.20916, 0.23029, 0.23029
3.70998, 0.95549, 0.95549, 0.21656, 0.21656, 0.22665, 0.22665
3.71664, 0.98305, 0.98305, 0.22117, 0.22117, 0.22498, 0.22498
3.72331, 0.96542, 0.96542, 0.21699, 0.21699, 0.22476, 0.22476
3.72998, 0.93146, 0.93146, 0.21218, 0.21218, 0.22779, 0.22779
3.73664, 0.93558, 0.93558, 0.21626, 0.21626, 0.23115, 0.23115
3.74331, 0.92017, 0.92017, 0.21592, 0.21592, 0.23466, 0.23466
3.74998, 0.91810, 0.91810, 0.21325, 0.21325, 0.23228, 0.23228
3.75665, 0.90895, 0.90895, 0.21014, 0.21014, 0.23119, 0.23119
3.76331, 0.90279, 0.90279, 0.21240, 0.21240, 0.23527, 0.23527
3.76998, 0.89587, 0.89587, 0.21211, 0.21211, 0.23676, 0.23676
3.77665, 0.89393, 0.89393, 0.21422, 0.21422, 0.23963, 0.23963
3.78332, 0.90176, 0.90176, 0.21368, 0.21368, 0.23695, 0.23695
3.78999, 0.91724, 0.91724, 0.21562, 0.21562, 0.23508, 0.23508
3.79666, 0.92269, 0.92269, 0.21841, 0.21841, 0.23671, 0.23671
3.80333, 0.92208, 0.92208, 0.22035, 0.22035, 0.23897, 0.23897
3.81000, 65535.0, 65535.0, 65535.0, 65535.0, 0.23556, 0.23556
3.81667, 0.87839, 0.87839, 0.20707, 0.20707, 0.23574, 0.23574
3.82335, 0.87621, 0.87621, 0.20628, 0.20628, 0.23542, 0.23542
3.83002, 0.88774, 0.88774, 0.20821, 0.20821, 0.23454, 0.23454
3.83669, 65535.0, 65535.0, 65535.0, 65535.0, 0.23498, 0.23498
3.84336, 0.88661, 0.88661, 0.21190, 0.21190, 0.23900, 0.23900
3.85004, 0.86937, 0.86937, 0.20500, 0.20500, 0.23581, 0.23581
3.85671, 0.86774, 0.86774, 0.20527, 0.20527, 0.23656, 0.23656
3.86339, 0.88321, 0.88321, 0.20931, 0.20931, 0.23699, 0.23699
3.87006, 0.88035, 0.88035, 0.20947, 0.20947, 0.23794, 0.23794
3.87673, 0.87737, 0.87737, 0.20824, 0.20824, 0.23735, 0.23735
3.88341, 0.86739, 0.86739, 0.20520, 0.20520, 0.23657, 0.23657
3.89008, 0.86340, 0.86340, 0.20744, 0.20744, 0.24026, 0.24026
3.89676, 0.86027, 0.86027, 0.20613, 0.20613, 0.23962, 0.23962
