0.43613, 1.01480, 1.01480, 0.05679, 0.05679, 0.05596, 0.05596
0.44263, 1.01571, 1.01571, 0.05677, 0.05677, 0.05590, 0.05590
0.44914, 1.01551, 1.01551, 0.05881, 0.05881, 0.05791, 0.05791
0.45564, 1.01413, 1.01413, 0.06157, 0.06157, 0.06071, 0.06071
0.46215, 1.01566, 1.01566, 0.06229, 0.06229, 0.06133, 0.06133
0.46865, 1.01657, 1.01657, 0.06492, 0.06492, 0.06386, 0.06386
0.47516, 1.01839, 1.01839, 0.06740, 0.06740, 0.06618, 0.06618
0.48167, 1.02040, 1.02040, 0.07044, 0.07044, 0.06903, 0.06903
0.48817, 1.02013, 1.02013, 0.07144, 0.07144, 0.07003, 0.07003
0.49468, 1.02158, 1.02158, 0.07624, 0.07624, 0.07463, 0.07463
0.50119, 1.02333, 1.02333, 0.07846, 0.07846, 0.07667, 0.07667
0.50770, 1.02310, 1.02310, 0.08177, 0.08177, 0.07992, 0.07992
0.51421, 1.02648, 1.02648, 0.08404, 0.08404, 0.08187, 0.08187
0.52072, 1.03080, 1.03080, 0.08829, 0.08829, 0.08565, 0.08565
0.52723, 1.02834, 1.02834, 0.09149, 0.09149, 0.08897, 0.08897
0.53374, 1.03139, 1.03139, 0.09742, 0.09742, 0.09446, 0.09446
0.54025, 1.03093, 1.03093, 0.10065, 0.10065, 0.09763, 0.09763
0.54676, 1.03308, 1.03308, 0.10430, 0.10430, 0.10096, 0.10096
0.55327, 1.03311, 1.03311, 0.11014, 0.11014, 0.10661, 0.10661
0.55978, 1.03560, 1.03560, 0.11801, 0.11801, 0.11396, 0.11396
0.56629, 1.03742, 1.03742, 0.12330, 0.12330, 0.11885, 0.11885
0.57281, 1.03819, 1.03819, 0.13073, 0.13073, 0.12592, 0.12592
0.57932, 1.03788, 1.03788, 0.13632, 0.13632, 0.13134, 0.13134
0.58583, 1.03916, 1.03916, 0.14470, 0.14470, 0.13925, 0.13925
0.59235, 1.03841, 1.03841, 0.14924, 0.14924, 0.14372, 0.14372
0.59886, 1.04012, 1.04012, 0.15330, 0.15330, 0.14739, 0.14739
0.60538, 1.04124, 1.04124, 0.15600, 0.15600, 0.14982, 0.14982
0.61189, 1.03953, 1.03953, 0.16310, 0.16310, 0.15690, 0.15690
0.61841, 1.04246, 1.04246, 0.16597, 0.16597, 0.15921, 0.15921
0.62492, 1.04251, 1.04251, 0.17243, 0.17243, 0.16540, 0.16540
0.63144, 1.04093, 1.04093, 0.17130, 0.17130, 0.16457, 0.16457
0.70968, 1.04716, 1.04716, 0.19285, 0.19285, 0.18417, 0.18417
0.71620, 1.04398, 1.04398, 0.19320, 0.19320, 0.18507, 0.18507
0.72272, 1.04235, 1.04235, 0.19648, 0.19648, 0.18849, 0.18849
0.72925, 1.04467, 1.04461, 0.19921, 0.19768, 0.19069, 0.18924
0.73577, 1.04373, 1.04367, 0.19680, 0.19522, 0.18855, 0.18705
0.74230, 1.04488, 1.04481, 0.19579, 0.19415, 0.18738, 0.18583
0.74882, 1.04526, 1.04519, 0.19592, 0.19422, 0.18744, 0.18582
0.75535, 1.04549, 1.04541, 0.19697, 0.19519, 0.18840, 0.18671
0.76187, 1.04626, 1.04619, 0.19797, 0.19611, 0.18922, 0.18746
0.76840, 1.04479, 1.04471, 0.19724, 0.19532, 0.18879, 0.18696
0.77492, 1.04610, 1.04602, 0.19851, 0.19650, 0.18976, 0.18785
0.78145, 1.04618, 1.04609, 0.19684, 0.19477, 0.18816, 0.18619
0.78798, 1.04831, 1.04822, 0.19741, 0.19525, 0.18831, 0.18627
0.79451, 1.04899, 1.04890, 0.19562, 0.19340, 0.18649, 0.18439
0.80104, 1.05020, 1.05011, 0.19562, 0.19331, 0.18627, 0.18409
0.80756, 1.04927, 1.04916, 0.19538, 0.19299, 0.18620, 0.18395
0.81409, 1.05034, 1.05024, 0.19610, 0.19362, 0.18670, 0.18436
0.82062, 1.04927, 1.04916, 0.19561, 0.19305, 0.18643, 0.18400
0.82715, 1.05171, 1.05160, 0.19490, 0.19225, 0.18532, 0.18282
0.83368, 1.05133, 1.05122, 0.19428, 0.19155, 0.18480, 0.18222
0.84022, 1.05023, 1.05011, 0.19409, 0.19126, 0.18481, 0.18213
0.84675, 1.05185, 1.05172, 0.19225, 0.18935, 0.18277, 0.18003
0.85328, 1.05072, 1.05059, 0.19004, 0.18707, 0.18086, 0.17806
0.85981, 1.05272, 1.05258, 0.19071, 0.18763, 0.18116, 0.17826
0.86634, 1.05234, 1.05220, 0.19176, 0.18856, 0.18223, 0.17921
0.87288, 1.05137, 1.05122, 0.18861, 0.18536, 0.17940, 0.17632
0.87941, 1.05324, 1.05309, 0.18616, 0.18284, 0.17675, 0.17362
0.88595, 1.05285, 1.05270, 0.18622, 0.18279, 0.17688, 0.17364
0.89248, 1.05279, 1.05262, 0.18803, 0.18445, 0.17860, 0.17523
0.89902, 1.05273, 1.05257, 0.18468, 0.18105, 0.17543, 0.17201
0.90555, 1.05284, 1.05267, 0.18299, 0.17928, 0.17381, 0.17031
0.91209, 1.05517, 1.05499, 0.18237, 0.17855, 0.17283, 0.16924
0.91862, 1.05372, 1.05354, 0.18302, 0.17906, 0.17369, 0.16996
0.92516, 1.05360, 1.05341, 0.18110, 0.17706, 0.17189, 0.16809
0.93170, 1.05598, 1.05579, 0.18030, 0.17615, 0.17074, 0.16685
0.93824, 1.05571, 1.05551, 0.17938, 0.17513, 0.16991, 0.16592
0.94477, 1.05447, 1.05426, 0.17982, 0.17543, 0.17053, 0.16640
0.95131, 1.05538, 1.05517, 0.18065, 0.17610, 0.17117, 0.16689
0.95785, 1.05337, 1.05315, 0.17915, 0.17451, 0.17008, 0.16570
0.96439, 1.05276, 1.05254, 0.17913, 0.17435, 0.17015, 0.16564
0.97093, 1.05564, 1.05541, 0.17739, 0.17251, 0.16804, 0.16345
0.97747, 1.05679, 1.05655, 0.17648, 0.17149, 0.16700, 0.16231
0.98401, 1.05348, 1.05324, 0.17332, 0.16827, 0.16452, 0.15977
0.99055, 1.05280, 1.05255, 0.17373, 0.16852, 0.16501, 0.16011
0.99710, 1.05297, 1.05271, 0.17374, 0.16838, 0.16499, 0.15995
1.00364, 1.05354, 1.05327, 0.17325, 0.16776, 0.16445, 0.15928
1.01018, 1.05455, 1.05428, 0.17077, 0.16521, 0.16194, 0.15670
1.04720, 1.05229, 1.05229, 0.17220, 0.17220, 0.16364, 0.16364
1.05375, 1.05211, 1.05211, 0.17165, 0.17165, 0.16315, 0.16315
1.06030, 1.05354, 1.05354, 0.17268, 0.17268, 0.16391, 0.16391
1.06685, 1.05356, 1.05356, 0.17238, 0.17238, 0.16362, 0.16362
1.07341, 1.05546, 1.05546, 0.17223, 0.17223, 0.16318, 0.16318
1.07996, 1.05508, 1.05508, 0.17113, 0.17113, 0.16219, 0.16219
1.08651, 1.05563, 1.05563, 0.17170, 0.17170, 0.16265, 0.16265
1.09307, 1.05308, 1.05308, 0.17192, 0.17192, 0.16325, 0.16325
1.09962, 1.05636, 1.05636, 0.17333, 0.17333, 0.16408, 0.16408
1.10617, 1.05620, 1.05620, 0.17430, 0.17430, 0.16502, 0.16502
1.11273, 1.05758, 1.05758, 0.17449, 0.17449, 0.16499, 0.16499
1.11928, 1.05751, 1.05751, 0.17476, 0.17476, 0.16526, 0.16526
1.12584, 1.05859, 1.05859, 0.17551, 0.17551, 0.16579, 0.16579
1.13239, 1.05728, 1.05728, 0.17523, 0.17523, 0.16574, 0.16574
1.13895, 1.05919, 1.05919, 0.17536, 0.17536, 0.16556, 0.16556
1.14551, 1.05815, 1.05815, 0.17582, 0.17582, 0.16616, 0.16616
1.15206, 1.05836, 1.05836, 0.17614, 0.17614, 0.16643, 0.16643
1.15862, 1.05951, 1.05951, 0.17651, 0.17651, 0.16659, 0.16659
1.16518, 1.06141, 1.06141, 0.17674, 0.17674, 0.16652, 0.16652
1.17173, 1.06138, 1.06138, 0.17677, 0.17677, 0.16654, 0.16654
1.17829, 1.06215, 1.06215, 0.17672, 0.17672, 0.16638, 0.16638
1.18485, 1.06231, 1.06231, 0.17668, 0.17668, 0.16632, 0.16632
1.19141, 1.06455, 1.06455, 0.17776, 0.17776, 0.16699, 0.16699
1.19797, 1.06407, 1.06407, 0.17639, 0.17639, 0.16577, 0.16577
1.20453, 1.06495, 1.06495, 0.17544, 0.17544, 0.16474, 0.16474
1.21109, 1.06572, 1.06572, 0.17621, 0.17621, 0.16534, 0.16534
1.21765, 1.06599, 1.06599, 0.17532, 0.17532, 0.16447, 0.16447
1.22421, 1.06610, 1.06610, 0.17530, 0.17530, 0.16443, 0.16443
1.23077, 1.06634, 1.06634, 0.17655, 0.17655, 0.16556, 0.16556
1.23733, 1.06690, 1.06690, 0.17728, 0.17728, 0.16616, 0.16616
1.24389, 1.06795, 1.06795, 0.17758, 0.17758, 0.16628, 0.16628
1.25045, 1.06927, 1.06927, 0.17901, 0.17901, 0.16742, 0.16742
1.25701, 1.06776, 1.06776, 0.17802, 0.17802, 0.16672, 0.16672
1.26357, 1.06895, 1.06895, 0.17924, 0.17924, 0.16768, 0.16768
1.27014, 1.07018, 1.07018, 0.18141, 0.18141, 0.16951, 0.16951
1.27670, 1.07037, 1.07037, 0.18122, 0.18122, 0.16930, 0.16930
1.28326, 1.07108, 1.07108, 0.18084, 0.18084, 0.16884, 0.16884
1.28983, 1.07154, 1.07154, 0.18184, 0.18184, 0.16970, 0.16970
1.29639, 1.07168, 1.07168, 0.18207, 0.18207, 0.16989, 0.16989
1.30295, 1.07215, 1.07215, 0.18251, 0.18251, 0.17023, 0.17023
1.30952, 1.07342, 1.07342, 0.18204, 0.18204, 0.16959, 0.16959
1.31608, 1.07384, 1.07384, 0.18158, 0.18158, 0.16910, 0.16910
1.32265, 1.07337, 1.07337, 0.18320, 0.18320, 0.17068, 0.17068
1.32921, 1.07466, 1.07466, 0.18386, 0.18386, 0.17108, 0.17108
1.33578, 1.07492, 1.07492, 0.18447, 0.18447, 0.17161, 0.17161
1.34234, 1.07379, 1.07379, 0.18478, 0.18478, 0.17209, 0.17209
1.34891, 1.07494, 1.07494, 0.18469, 0.18469, 0.17182, 0.17182
1.35548, 1.07564, 1.07564, 0.18617, 0.18617, 0.17307, 0.17307
1.36205, 1.07638, 1.07638, 0.18695, 0.18695, 0.17369, 0.17369
1.36861, 1.07814, 1.07814, 0.18602, 0.18602, 0.17254, 0.17254
1.37518, 1.07641, 1.07641, 0.18611, 0.18611, 0.17290, 0.17290
1.38175, 1.07632, 1.07632, 0.18629, 0.18629, 0.17308, 0.17308
1.38832, 1.06777, 1.06777, 0.18415, 0.18415, 0.17246, 0.17246
1.39489, 1.06830, 1.06830, 0.18464, 0.18464, 0.17284, 0.17284
1.40145, 1.06823, 1.06823, 0.18467, 0.18467, 0.17287, 0.17287
1.40802, 1.06959, 1.06959, 0.18480, 0.18480, 0.17278, 0.17278
1.41459, 1.07078, 1.07078, 0.18505, 0.18505, 0.17281, 0.17281
1.42116, 1.07167, 1.07167, 0.18604, 0.18604, 0.17360, 0.17360
1.42773, 1.07558, 1.07558, 0.18595, 0.18595, 0.17288, 0.17288
1.43431, 1.07686, 1.07686, 0.18578, 0.18578, 0.17252, 0.17252
1.44088, 1.07754, 1.07754, 0.18395, 0.18395, 0.17071, 0.17071
1.44745, 1.07879, 1.07879, 0.18654, 0.18654, 0.17291, 0.17291
1.45402, 1.08013, 1.08013, 0.18701, 0.18701, 0.17314, 0.17314
1.46059, 1.08025, 1.08025, 0.18834, 0.18834, 0.17434, 0.17434
1.46716, 1.08128, 1.08128, 0.18826, 0.18826, 0.17410, 0.17410
1.47374, 1.08229, 1.08229, 0.18811, 0.18811, 0.17380, 0.17380
1.48031, 1.08266, 1.08266, 0.18823, 0.18823, 0.17386, 0.17386
1.48688, 1.08433, 1.08433, 0.18707, 0.18707, 0.17252, 0.17252
1.49346, 1.08515, 1.08515, 0.18921, 0.18921, 0.17436, 0.17436
1.50003, 1.08508, 1.08508, 0.18818, 0.18818, 0.17343, 0.17343
1.50661, 1.08557, 1.08557, 0.18775, 0.18775, 0.17295, 0.17295
1.51318, 1.08651, 1.08651, 0.18967, 0.18967, 0.17457, 0.17457
1.51976, 1.08669, 1.08669, 0.18965, 0.18965, 0.17452, 0.17452
1.52633, 1.08674, 1.08674, 0.18977, 0.18977, 0.17463, 0.17463
1.53291, 1.08746, 1.08746, 0.18906, 0.18906, 0.17385, 0.17385
1.53948, 1.08807, 1.08807, 0.18956, 0.18956, 0.17422, 0.17422
1.54606, 1.08791, 1.08791, 0.19071, 0.19071, 0.17530, 0.17530
1.55264, 1.08940, 1.08940, 0.19117, 0.19117, 0.17548, 0.17548
1.55921, 1.08935, 1.08935, 0.19059, 0.19059, 0.17496, 0.17496
1.56579, 1.08939, 1.08939, 0.19037, 0.19037, 0.17475, 0.17475
1.57237, 1.08974, 1.08974, 0.18900, 0.18900, 0.17344, 0.17344
1.57895, 1.09035, 1.09035, 0.18993, 0.18993, 0.17419, 0.17419
1.58552, 1.08964, 1.08964, 0.19098, 0.19098, 0.17527, 0.17527
1.59210, 1.09221, 1.09221, 0.18995, 0.18995, 0.17391, 0.17391
1.59868, 1.09163, 1.09163, 0.18993, 0.18993, 0.17399, 0.17399
1.60526, 1.09224, 1.09224, 0.18944, 0.18944, 0.17344, 0.17344
1.61184, 1.09251, 1.09251, 0.18986, 0.18986, 0.17378, 0.17378
1.61842, 1.09084, 1.09084, 0.19036, 0.19036, 0.17450, 0.17450
1.62500, 1.09216, 1.09216, 0.19092, 0.19092, 0.17481, 0.17481
1.63158, 1.09179, 1.09179, 0.19159, 0.19159, 0.17549, 0.17549
1.63816, 1.09206, 1.09206, 0.19098, 0.19098, 0.17488, 0.17488
1.64474, 1.09479, 1.09479, 0.19144, 0.19144, 0.17487, 0.17487
1.67107, 1.09151, 1.09151, 0.18865, 0.18865, 0.17283, 0.17283
1.67766, 1.09281, 1.09281, 0.19027, 0.19027, 0.17411, 0.17411
1.68424, 1.09253, 1.09253, 0.18987, 0.18987, 0.17379, 0.17379
1.69082, 1.09508, 1.09508, 0.18957, 0.18957, 0.17311, 0.17311
1.69741, 1.09524, 1.09524, 0.19083, 0.19083, 0.17424, 0.17424
1.70399, 1.09598, 1.09598, 0.19156, 0.19156, 0.17478, 0.17478
1.71058, 1.09400, 1.09400, 0.19137, 0.19137, 0.17493, 0.17493
1.71716, 1.09350, 1.09350, 0.19097, 0.19097, 0.17464, 0.17464
1.72375, 1.09482, 1.09482, 0.19074, 0.19074, 0.17422, 0.17422
1.73033, 1.09392, 1.09392, 0.19075, 0.19075, 0.17437, 0.17437
1.73692, 1.09415, 1.09415, 0.19017, 0.19017, 0.17381, 0.17381
1.74351, 1.09517, 1.09517, 0.19051, 0.19051, 0.17395, 0.17395
1.75009, 1.09418, 1.09418, 0.19031, 0.19031, 0.17393, 0.17393
1.75668, 1.09342, 1.09342, 0.19026, 0.19026, 0.17400, 0.17400
1.76327, 1.09400, 1.09400, 0.18990, 0.18990, 0.17358, 0.17358
1.76985, 1.09309, 1.09309, 0.18990, 0.18990, 0.17373, 0.17373
1.77644, 1.09429, 1.09429, 0.18945, 0.18945, 0.17313, 0.17313
1.78303, 1.09407, 1.09407, 0.18936, 0.18936, 0.17308, 0.17308
1.78962, 1.09358, 1.09358, 0.18908, 0.18908, 0.17290, 0.17290
1.79621, 1.09284, 1.09284, 0.18890, 0.18890, 0.17285, 0.17285
1.80280, 1.09352, 1.09352, 0.18890, 0.18890, 0.17275, 0.17275
1.80939, 1.09210, 1.09210, 0.18861, 0.18861, 0.17271, 0.17271
1.81598, 1.09222, 1.09222, 0.18880, 0.18880, 0.17286, 0.17286
1.82257, 1.09222, 1.09222, 0.18852, 0.18852, 0.17260, 0.17260
1.82916, 1.09058, 1.09058, 0.18805, 0.18805, 0.17243, 0.17243
1.83575, 1.09194, 1.09194, 0.18797, 0.18797, 0.17214, 0.17214
1.84234, 1.09099, 1.09099, 0.18763, 0.18763, 0.17198, 0.17198
1.84893, 1.08979, 1.08979, 0.18729, 0.18729, 0.17186, 0.17186
1.85552, 1.08953, 1.08953, 0.18718, 0.18718, 0.17180, 0.17180
1.86212, 1.08892, 1.08892, 0.18688, 0.18688, 0.17162, 0.17162
1.86871, 1.08768, 1.08768, 0.18659, 0.18659, 0.17155, 0.17155
1.87530, 1.08664, 1.08664, 0.18624, 0.18624, 0.17139, 0.17139
1.88190, 1.08240, 1.08240, 0.18551, 0.18551, 0.17139, 0.17139
1.88849, 1.07997, 1.07997, 0.18420, 0.18420, 0.17056, 0.17056
1.89508, 1.07586, 1.07586, 0.18272, 0.18272, 0.16984, 0.16984
1.90168, 1.07210, 1.07210, 0.18110, 0.18110, 0.16892, 0.16892
1.90827, 1.07009, 1.07009, 0.17988, 0.17988, 0.16810, 0.16810
1.91487, 1.06835, 1.06835, 0.17903, 0.17903, 0.16758, 0.16758
1.92146, 1.06928, 1.06928, 0.17953, 0.17953, 0.16790, 0.16790
1.92806, 1.06814, 1.06814, 0.17936, 0.17936, 0.16791, 0.16791
1.93465, 1.07057, 1.07057, 0.17962, 0.17962, 0.16778, 0.16778
1.94125, 1.07015, 1.07015, 0.17956, 0.17956, 0.16779, 0.16779
1.94785, 1.06882, 1.06882, 0.17918, 0.17918, 0.16764, 0.16764
1.95444, 1.07216, 1.07216, 0.18004, 0.18004, 0.16792, 0.16792
1.96104, 1.06987, 1.06987, 0.18061, 0.18061, 0.16882, 0.16882
1.96764, 1.07226, 1.07226, 0.18102, 0.18102, 0.16882, 0.16882
1.97424, 1.07116, 1.07116, 0.18093, 0.18093, 0.16891, 0.16891
1.98084, 1.07039, 1.07039, 0.18104, 0.18104, 0.16914, 0.16914
1.98743, 1.07079, 1.07079, 0.18064, 0.18064, 0.16869, 0.16869
1.99403, 1.07046, 1.07046, 0.18060, 0.18060, 0.16871, 0.16871
2.00063, 1.07078, 1.07078, 0.18020, 0.18020, 0.16829, 0.16829
2.00723, 1.07287, 1.07287, 0.18132, 0.18132, 0.16901, 0.16901
2.01383, 1.07040, 1.07040, 0.18136, 0.18136, 0.16943, 0.16943
2.02043, 1.07133, 1.07133, 0.18122, 0.18122, 0.16915, 0.16915
2.02703, 1.07190, 1.07190, 0.18116, 0.18116, 0.16901, 0.16901
2.03363, 1.07298, 1.07298, 0.18151, 0.18151, 0.16917, 0.16917
2.04024, 1.07457, 1.07457, 0.18142, 0.18142, 0.16883, 0.16883
2.04684, 1.07427, 1.07427, 0.18191, 0.18191, 0.16934, 0.16934
2.05344, 1.07359, 1.07359, 0.18173, 0.18173, 0.16928, 0.16928
2.06004, 1.07271, 1.07271, 0.18201, 0.18201, 0.16967, 0.16967
2.06664, 1.07214, 1.07214, 0.18193, 0.18193, 0.16969, 0.16969
2.07325, 1.07124, 1.07124, 0.18183, 0.18183, 0.16974, 0.16974
2.07985, 1.07111, 1.07111, 0.18178, 0.18178, 0.16971, 0.16971
2.08645, 1.07267, 1.07267, 0.18192, 0.18192, 0.16959, 0.16959
2.09306, 1.07247, 1.07247, 0.18223, 0.18223, 0.16991, 0.16991
2.09966, 1.07351, 1.07351, 0.18189, 0.18189, 0.16943, 0.16943
2.10627, 1.07159, 1.07159, 0.18177, 0.18177, 0.16963, 0.16963
2.11287, 1.07139, 1.07139, 0.18183, 0.18183, 0.16972, 0.16972
2.11948, 1.07078, 1.07078, 0.18228, 0.18228, 0.17023, 0.17023
2.12608, 1.07198, 1.07198, 0.18189, 0.18189, 0.16968, 0.16968
2.13269, 1.07254, 1.07254, 0.18181, 0.18181, 0.16951, 0.16951
2.13930, 1.07166, 1.07166, 0.18208, 0.18208, 0.16990, 0.16990
2.14590, 1.07146, 1.07146, 0.18154, 0.18154, 0.16943, 0.16943
2.15251, 1.06905, 1.06905, 0.18131, 0.18131, 0.16960, 0.16960
2.15912, 1.07024, 1.07024, 0.18131, 0.18131, 0.16941, 0.16941
2.16572, 1.06908, 1.06908, 0.18110, 0.18110, 0.16940, 0.16940
2.17233, 1.06831, 1.06831, 0.18083, 0.18083, 0.16927, 0.16927
2.17894, 1.06631, 1.06631, 0.18048, 0.18048, 0.16926, 0.16926
2.18555, 1.06580, 1.06580, 0.18037, 0.18037, 0.16924, 0.16924
2.19216, 1.06785, 1.06785, 0.18039, 0.18039, 0.16892, 0.16892
2.19877, 1.06584, 1.06584, 0.17984, 0.17984, 0.16873, 0.16873
2.20538, 1.06533, 1.06533, 0.17958, 0.17958, 0.16857, 0.16857
2.21199, 1.06396, 1.06396, 0.17920, 0.17920, 0.16842, 0.16842
2.21860, 1.06115, 1.06115, 0.17882, 0.17882, 0.16852, 0.16852
2.22521, 1.05947, 1.05947, 0.17831, 0.17831, 0.16830, 0.16830
2.23182, 1.05566, 1.05566, 0.17735, 0.17735, 0.16800, 0.16800
2.23843, 1.05190, 1.05190, 0.17675, 0.17675, 0.16803, 0.16803
2.24504, 1.05228, 1.05228, 0.17653, 0.17653, 0.16776, 0.16776
2.25165, 1.04957, 1.04957, 0.17583, 0.17583, 0.16753, 0.16753
2.25827, 1.04873, 1.04873, 0.17557, 0.17557, 0.16741, 0.16741
2.26488, 1.04752, 1.04752, 0.17450, 0.17450, 0.16658, 0.16658
2.27149, 1.04303, 1.04303, 0.17409, 0.17409, 0.16691, 0.16691
2.27810, 1.03843, 1.03843, 0.17266, 0.17266, 0.16627, 0.16627
2.28472, 1.03119, 1.03119, 0.17159, 0.17159, 0.16640, 0.16640
2.29133, 1.02686, 1.02686, 0.17043, 0.17043, 0.16598, 0.16598
2.29795, 1.02395, 1.02395, 0.16948, 0.16948, 0.16551, 0.16551
2.30456, 1.01847, 1.01847, 0.16845, 0.16845, 0.16539, 0.16539
2.31118, 1.01697, 1.01697, 0.16833, 0.16833, 0.16552, 0.16552
2.31779, 1.01865, 1.01865, 0.16853, 0.16853, 0.16545, 0.16545
2.32441, 1.02513, 1.02513, 0.16995, 0.16995, 0.16579, 0.16579
2.33102, 1.02713, 1.02713, 0.17020, 0.17020, 0.16571, 0.16571
2.33764, 1.03236, 1.03236, 0.17104, 0.17104, 0.16568, 0.16568
2.34426, 1.03521, 1.03521, 0.17129, 0.17129, 0.16546, 0.16546
2.35087, 1.03569, 1.03569, 0.17142, 0.17142, 0.16551, 0.16551
2.35749, 1.03785, 1.03785, 0.17157, 0.17157, 0.16531, 0.16531
2.36411, 1.03843, 1.03843, 0.17176, 0.17176, 0.16541, 0.16541
2.37072, 1.03749, 1.03749, 0.17151, 0.17151, 0.16531, 0.16531
2.37734, 1.03664, 1.03664, 0.17071, 0.17071, 0.16468, 0.16468
2.38396, 1.03509, 1.03509, 0.17003, 0.17003, 0.16426, 0.16426
2.39058, 1.03497, 1.03497, 0.16973, 0.16973, 0.16399, 0.16399
2.39720, 1.03433, 1.03433, 0.16962, 0.16962, 0.16399, 0.16399
2.40382, 1.03656, 1.03656, 0.17046, 0.17046, 0.16445, 0.16445
2.41044, 1.03726, 1.03726, 0.17112, 0.17112, 0.16497, 0.16497
2.41706, 1.03843, 1.03843, 0.17153, 0.17153, 0.16518, 0.16518
2.42368, 1.03969, 1.03969, 0.17122, 0.17122, 0.16469, 0.16469
2.43030, 1.03858, 1.03858, 0.17117, 0.17117, 0.16482, 0.16482
2.43692, 1.03899, 1.03899, 0.17139, 0.17139, 0.16496, 0.16496
2.44354, 1.03870, 1.03870, 0.17143, 0.17143, 0.16504, 0.16504
2.45017, 1.03751, 1.03751, 0.17114, 0.17114, 0.16495, 0.16495
2.45679, 1.03622, 1.03622, 0.17075, 0.17075, 0.16478, 0.16478
2.46341, 1.03632, 1.03632, 0.17056, 0.17056, 0.16458, 0.16458
2.47003, 1.03540, 1.03540, 0.17032, 0.17032, 0.16450, 0.16450
2.47666, 1.03667, 1.03667, 0.16992, 0.16992, 0.16391, 0.16391
2.48328, 1.03873, 1.03873, 0.16956, 0.16956, 0.16324, 0.16324
2.48990, 1.03782, 1.03782, 0.16994, 0.16994, 0.16374, 0.16374
2.49653, 1.03521, 1.03521, 0.16935, 0.16935, 0.16359, 0.16359
2.50312, 1.03503, 1.03503, 0.16930, 0.16930, 0.16357, 0.16357
2.50972, 1.03697, 1.03697, 0.16931, 0.16931, 0.16327, 0.16327
2.51632, 1.03460, 1.03460, 0.16855, 0.16855, 0.16291, 0.16291
2.52292, 1.03399, 1.03399, 0.16823, 0.16823, 0.16270, 0.16270
2.52951, 1.03548, 1.03548, 0.16800, 0.16800, 0.16224, 0.16224
2.53611, 1.03391, 1.03391, 0.16760, 0.16760, 0.16211, 0.16211
2.54271, 1.03355, 1.03355, 0.16734, 0.16734, 0.16191, 0.16191
2.54931, 1.03464, 1.03464, 0.16691, 0.16691, 0.16132, 0.16132
2.55591, 1.03422, 1.03422, 0.16643, 0.16643, 0.16092, 0.16092
2.56251, 1.03322, 1.03322, 0.16626, 0.16626, 0.16091, 0.16091
2.56911, 1.03196, 1.03196, 0.16534, 0.16534, 0.16022, 0.16022
2.57571, 1.03249, 1.03249, 0.16538, 0.16538, 0.16017, 0.16017
2.58231, 1.03136, 1.03136, 0.16490, 0.16490, 0.15989, 0.15989
2.58891, 1.02884, 1.02884, 0.16416, 0.16416, 0.15956, 0.15956
2.59551, 1.03048, 1.03048, 0.16375, 0.16375, 0.15891, 0.15891
2.60212, 1.02854, 1.02854, 0.16244, 0.16244, 0.15793, 0.15793
2.60872, 1.02921, 1.02921, 0.16265, 0.16265, 0.15803, 0.15803
2.61532, 1.02889, 1.02889, 0.16250, 0.16250, 0.15794, 0.15794
2.62192, 1.02850, 1.02850, 0.16254, 0.16254, 0.15804, 0.15804
2.62853, 1.02809, 1.02809, 0.16147, 0.16147, 0.15706, 0.15706
2.63513, 1.02679, 1.02679, 0.16083, 0.16083, 0.15664, 0.15664
2.64174, 1.02793, 1.02793, 0.15964, 0.15964, 0.15530, 0.15530
2.64834, 1.02548, 1.02548, 0.15744, 0.15744, 0.15353, 0.15353
2.65495, 1.02705, 1.02705, 0.15449, 0.15449, 0.15042, 0.15042
2.84004, 0.99059, 0.99059, 0.05191, 0.05191, 0.05240, 0.05240
2.84666, 0.98982, 0.98982, 0.05092, 0.05092, 0.05144, 0.05144
2.85328, 0.98712, 0.98712, 0.04987, 0.04987, 0.05052, 0.05052
2.85989, 0.98449, 0.98449, 0.04888, 0.04888, 0.04965, 0.04965
2.86651, 0.99323, 0.99323, 0.04834, 0.04834, 0.04866, 0.04866
2.87313, 1.00415, 1.00415, 0.04803, 0.04803, 0.04783, 0.04783
2.87975, 1.00811, 1.00811, 0.04808, 0.04808, 0.04769, 0.04769
2.88636, 1.00487, 1.00487, 0.04750, 0.04750, 0.04727, 0.04727
2.89298, 1.00088, 1.00088, 0.04692, 0.04692, 0.04688, 0.04688
2.89960, 1.00142, 1.00142, 0.04589, 0.04589, 0.04582, 0.04582
2.90622, 1.00146, 1.00146, 0.04459, 0.04459, 0.04453, 0.04453
2.91284, 1.00274, 1.00274, 0.04357, 0.04357, 0.04345, 0.04345
2.91946, 1.00763, 1.00763, 0.04282, 0.04282, 0.04249, 0.04249
2.92608, 1.00356, 1.00356, 0.04187, 0.04187, 0.04172, 0.04172
2.93270, 0.99513, 0.99513, 0.04105, 0.04105, 0.04125, 0.04125
2.93932, 0.99667, 0.99667, 0.04051, 0.04051, 0.04065, 0.04065
2.94595, 1.00354, 1.00354, 0.04064, 0.04064, 0.04049, 0.04049
2.95257, 0.99846, 0.99846, 0.04080, 0.04080, 0.04086, 0.04086
2.95919, 0.99308, 0.99308, 0.04086, 0.04086, 0.04114, 0.04114
2.96581, 0.98980, 0.98980, 0.04088, 0.04088, 0.04130, 0.04130
2.97244, 0.99363, 0.99363, 0.04124, 0.04124, 0.04151, 0.04151
2.97906, 0.99928, 0.99928, 0.04168, 0.04168, 0.04171, 0.04171
2.98568, 1.00065, 1.00065, 0.04189, 0.04189, 0.04187, 0.04187
2.99231, 0.99707, 0.99707, 0.04220, 0.04220, 0.04232, 0.04232
2.99893, 0.99659, 0.99659, 0.04241, 0.04241, 0.04255, 0.04255
3.00556, 0.99497, 0.99497, 0.04247, 0.04247, 0.04269, 0.04269
3.01218, 0.99703, 0.99703, 0.04281, 0.04281, 0.04294, 0.04294
3.01881, 0.99405, 0.99405, 0.04324, 0.04324, 0.04350, 0.04350
3.02544, 0.99169, 0.99169, 0.04394, 0.04394, 0.04430, 0.04430
3.03206, 0.98939, 0.98939, 0.04455, 0.04455, 0.04503, 0.04503
3.03869, 0.98805, 0.98805, 0.04496, 0.04496, 0.04550, 0.04550
3.04532, 0.98531, 0.98531, 0.04482, 0.04482, 0.04549, 0.04549
3.05195, 0.98122, 0.98122, 0.04469, 0.04469, 0.04555, 0.04555
3.05857, 0.97959, 0.97959, 0.04407, 0.04407, 0.04499, 0.04499
3.06520, 0.98280, 0.98280, 0.04383, 0.04383, 0.04460, 0.04460
3.07183, 0.99055, 0.99055, 0.04414, 0.04414, 0.04456, 0.04456
3.07846, 0.99082, 0.99082, 0.04455, 0.04455, 0.04496, 0.04496
3.08509, 0.98551, 0.98551, 0.04486, 0.04486, 0.04552, 0.04552
3.09172, 0.97568, 0.97568, 0.04488, 0.04488, 0.04600, 0.04600
3.09835, 0.97813, 0.97813, 0.04500, 0.04500, 0.04600, 0.04600
3.10498, 0.98746, 0.98746, 0.04554, 0.04554, 0.04612, 0.04612
3.11161, 0.98951, 0.98951, 0.04528, 0.04528, 0.04576, 0.04576
3.11825, 0.99071, 0.99071, 0.04510, 0.04510, 0.04553, 0.04553
3.12488, 0.99748, 0.99748, 0.04503, 0.04503, 0.04514, 0.04514
3.13151, 0.99703, 0.99703, 0.04448, 0.04448, 0.04462, 0.04462
3.13814, 0.99234, 0.99234, 0.04394, 0.04394, 0.04428, 0.04428
3.14478, 0.99080, 0.99080, 0.04385, 0.04385, 0.04425, 0.04425
3.15141, 0.99096, 0.99096, 0.04439, 0.04439, 0.04480, 0.04480
3.15804, 0.99010, 0.99010, 0.04524, 0.04524, 0.04569, 0.04569
3.16468, 0.99248, 0.99248, 0.04640, 0.04640, 0.04675, 0.04675
3.17131, 0.99604, 0.99604, 0.04768, 0.04768, 0.04787, 0.04787
3.17795, 1.00061, 1.00061, 0.04896, 0.04896, 0.04893, 0.04893
3.18458, 1.00458, 1.00458, 0.05042, 0.05042, 0.05019, 0.05019
3.19122, 1.00715, 1.00715, 0.05215, 0.05215, 0.05178, 0.05178
3.19785, 1.01105, 1.01105, 0.05405, 0.05405, 0.05345, 0.05345
3.20449, 1.01393, 1.01393, 0.05565, 0.05565, 0.05489, 0.05489
3.21113, 1.01806, 1.01806, 0.05713, 0.05713, 0.05611, 0.05611
3.21776, 1.01575, 1.01575, 0.05848, 0.05848, 0.05758, 0.05758
3.22440, 1.01398, 1.01398, 0.06006, 0.06006, 0.05923, 0.05923
3.23104, 1.01283, 1.01283, 0.06162, 0.06162, 0.06084, 0.06084
3.23768, 1.01402, 1.01402, 0.06295, 0.06295, 0.06208, 0.06208
3.24432, 1.01639, 1.01639, 0.06475, 0.06475, 0.06371, 0.06371
3.25096, 1.01609, 1.01609, 0.06643, 0.06643, 0.06538, 0.06538
3.25760, 1.01476, 1.01476, 0.06773, 0.06773, 0.06675, 0.06675
3.26424, 1.01641, 1.01641, 0.06905, 0.06905, 0.06794, 0.06794
3.27088, 1.01923, 1.01923, 0.07046, 0.07046, 0.06913, 0.06913
3.27752, 1.02150, 1.02150, 0.07218, 0.07218, 0.07067, 0.07067
3.28416, 1.02177, 1.02177, 0.07439, 0.07439, 0.07281, 0.07281
3.29080, 1.02178, 1.02178, 0.07696, 0.07696, 0.07532, 0.07532
3.29744, 1.02350, 1.02350, 0.07938, 0.07938, 0.07756, 0.07756
3.30408, 1.02452, 1.02452, 0.08163, 0.08163, 0.07968, 0.07968
3.31073, 1.03137, 1.03137, 0.08365, 0.08365, 0.08110, 0.08110
3.31737, 1.03639, 1.03639, 0.08594, 0.08594, 0.08292, 0.08292
3.32401, 1.03973, 1.03973, 0.08797, 0.08797, 0.08461, 0.08461
3.33066, 1.03943, 1.03943, 0.09011, 0.09011, 0.08670, 0.08670
3.33730, 1.03921, 1.03921, 0.09246, 0.09246, 0.08897, 0.08897
3.34395, 1.03833, 1.03833, 0.09455, 0.09455, 0.09106, 0.09106
3.35059, 1.03878, 1.03878, 0.09672, 0.09672, 0.09310, 0.09310
3.35724, 1.04017, 1.04017, 0.09875, 0.09875, 0.09493, 0.09493
3.36388, 1.04235, 1.04235, 0.10114, 0.10114, 0.09703, 0.09703
3.37053, 1.04077, 1.04077, 0.10338, 0.10338, 0.09933, 0.09933
3.37717, 1.04256, 1.04256, 0.10539, 0.10539, 0.10108, 0.10108
3.38382, 1.04285, 1.04285, 0.10684, 0.10684, 0.10245, 0.10245
3.39047, 1.04303, 1.04303, 0.10884, 0.10884, 0.10435, 0.10435
3.39712, 1.04337, 1.04337, 0.11078, 0.11078, 0.10618, 0.10618
3.40376, 1.04673, 1.04673, 0.11295, 0.11295, 0.10791, 0.10791
3.41041, 1.04390, 1.04390, 0.11506, 0.11506, 0.11022, 0.11022
3.41706, 1.04148, 1.04148, 0.11706, 0.11706, 0.11240, 0.11240
3.42371, 1.04207, 1.04207, 0.11943, 0.11943, 0.11461, 0.11461
3.43036, 1.04703, 1.04703, 0.12237, 0.12237, 0.11688, 0.11688
3.43701, 1.05129, 1.05129, 0.12514, 0.12514, 0.11904, 0.11904
3.44366, 1.05156, 1.05156, 0.12714, 0.12714, 0.12090, 0.12090
3.45031, 1.04953, 1.04953, 0.12851, 0.12851, 0.12245, 0.12245
3.45696, 1.05006, 1.05006, 0.13052, 0.13052, 0.12429, 0.12429
3.46361, 1.05254, 1.05254, 0.13247, 0.13247, 0.12586, 0.12586
3.47026, 1.05551, 1.05551, 0.13463, 0.13463, 0.12755, 0.12755
3.47692, 1.05714, 1.05714, 0.13660, 0.13660, 0.12921, 0.12921
3.48357, 1.05799, 1.05799, 0.13860, 0.13860, 0.13100, 0.13100
3.49022, 1.05612, 1.05612, 0.14039, 0.14039, 0.13293, 0.13293
3.49687, 1.05423, 1.05423, 0.14229, 0.14229, 0.13497, 0.13497
3.50353, 1.05429, 1.05429, 0.14530, 0.14530, 0.13782, 0.13782
3.51018, 1.05583, 1.05583, 0.14838, 0.14838, 0.14054, 0.14054
3.51684, 1.05634, 1.05634, 0.15154, 0.15154, 0.14346, 0.14346
3.52349, 1.05777, 1.05777, 0.15487, 0.15487, 0.14641, 0.14641
3.53015, 1.06004, 1.06004, 0.15941, 0.15941, 0.15038, 0.15038
3.53680, 1.06107, 1.06107, 0.16305, 0.16305, 0.15367, 0.15367
3.54346, 1.06136, 1.06136, 0.16600, 0.16600, 0.15641, 0.15641
3.55011, 1.06142, 1.06142, 0.16914, 0.16914, 0.15935, 0.15935
3.55677, 1.06632, 1.06632, 0.17331, 0.17331, 0.16253, 0.16253
3.56343, 1.06742, 1.06742, 0.17643, 0.17643, 0.16529, 0.16529
3.57008, 1.07210, 1.07210, 0.17847, 0.17847, 0.16647, 0.16647
3.57674, 1.07364, 1.07364, 0.18092, 0.18092, 0.16851, 0.16851
3.58340, 1.07373, 1.07373, 0.18399, 0.18399, 0.17135, 0.17135
3.59006, 1.07146, 1.07146, 0.18685, 0.18685, 0.17439, 0.17439
3.59672, 1.07131, 1.07131, 0.18846, 0.18846, 0.17591, 0.17591
3.60338, 1.07332, 1.07332, 0.19048, 0.19048, 0.17747, 0.17747
3.61004, 1.07595, 1.07595, 0.19330, 0.19330, 0.17966, 0.17966
3.61670, 1.07470, 1.07470, 0.19469, 0.19469, 0.18116, 0.18116
3.62336, 1.07599, 1.07599, 0.19496, 0.19496, 0.18119, 0.18119
3.63002, 1.07784, 1.07784, 0.19689, 0.19689, 0.18267, 0.18267
3.63668, 1.07888, 1.07888, 0.20098, 0.20098, 0.18628, 0.18628
3.64334, 1.07930, 1.07930, 0.20405, 0.20405, 0.18906, 0.18906
3.65000, 1.08050, 1.08050, 0.20586, 0.20586, 0.19053, 0.19053
3.65667, 1.08229, 1.08229, 0.20777, 0.20777, 0.19197, 0.19197
3.66333, 1.08242, 1.08242, 0.21168, 0.21168, 0.19556, 0.19556
3.66999, 1.08008, 1.08008, 0.21309, 0.21309, 0.19729, 0.19729
3.67665, 1.07678, 1.07678, 0.21300, 0.21300, 0.19781, 0.19781
3.68332, 1.07564, 1.07564, 0.21381, 0.21381, 0.19877, 0.19877
3.68998, 1.07648, 1.07648, 0.21801, 0.21801, 0.20252, 0.20252
3.69665, 1.07970, 1.07970, 0.22190, 0.22190, 0.20552, 0.20552
3.70331, 1.08193, 1.08193, 0.22341, 0.22341, 0.20649, 0.20649
3.70998, 1.07976, 1.07976, 0.22324, 0.22324, 0.20675, 0.20675
3.71664, 1.07962, 1.07962, 0.22604, 0.22604, 0.20937, 0.20937
3.72331, 1.07904, 1.07904, 0.22893, 0.22893, 0.21216, 0.21216
3.72998, 1.07864, 1.07864, 0.23039, 0.23039, 0.21360, 0.21360
3.73664, 1.07557, 1.07557, 0.23012, 0.23012, 0.21395, 0.21395
3.74331, 1.07608, 1.07608, 0.23279, 0.23279, 0.21633, 0.21633
3.74998, 1.07918, 1.07918, 0.23630, 0.23630, 0.21896, 0.21896
3.75665, 1.08304, 1.08304, 0.23739, 0.23739, 0.21919, 0.21919
3.76331, 1.08647, 1.08647, 0.23684, 0.23684, 0.21799, 0.21799
3.76998, 1.09027, 1.09027, 0.23800, 0.23800, 0.21829, 0.21829
3.77665, 1.09141, 1.09141, 0.24240, 0.24240, 0.22210, 0.22210
3.78332, 1.08881, 1.08881, 0.24437, 0.24437, 0.22444, 0.22444
3.78999, 1.08216, 1.08216, 0.24385, 0.24385, 0.22533, 0.22533
3.79666, 1.07905, 1.07905, 0.24445, 0.24445, 0.22654, 0.22654
3.80333, 1.08245, 1.08245, 0.24885, 0.24885, 0.22989, 0.22989
3.81000, 1.08712, 1.08712, 0.25285, 0.25285, 0.23259, 0.23259
3.81667, 1.08974, 1.08974, 0.25286, 0.25286, 0.23203, 0.23203
3.82335, 1.09091, 1.09091, 0.25178, 0.25178, 0.23080, 0.23080
3.83002, 1.09017, 1.09017, 0.25412, 0.25412, 0.23310, 0.23310
3.83669, 1.09187, 1.09187, 0.25912, 0.25912, 0.23732, 0.23732
3.84336, 1.09265, 1.09265, 0.26238, 0.26238, 0.24013, 0.24013
3.85004, 1.09293, 1.09293, 0.26141, 0.26141, 0.23918, 0.23918
3.85671, 1.09382, 1.09382, 0.25870, 0.25870, 0.23651, 0.23651
3.86339, 1.09737, 1.09737, 0.26023, 0.26023, 0.23714, 0.23714
3.87006, 1.09868, 1.09868, 0.26411, 0.26411, 0.24039, 0.24039
3.87673, 1.09549, 1.09549, 0.26461, 0.26461, 0.24155, 0.24155
3.88341, 1.09366, 1.09366, 0.26348, 0.26348, 0.24092, 0.24092
3.89008, 1.09591, 1.09591, 0.26307, 0.26307, 0.24005, 0.24005
3.89676, 1.09730, 1.09730, 0.26631, 0.26631, 0.24270, 0.24270
