0.43613, 1.04095, 1.04095, 0.05773, 0.05773, 0.05546, 0.05546
0.44263, 1.03985, 1.03985, 0.05844, 0.05844, 0.05620, 0.05620
0.44914, 1.04182, 1.04182, 0.06074, 0.06074, 0.05831, 0.05831
0.45564, 1.04132, 1.04132, 0.06403, 0.06403, 0.06149, 0.06149
0.46215, 1.04556, 1.04556, 0.06547, 0.06547, 0.06261, 0.06261
0.46865, 1.04555, 1.04555, 0.06870, 0.06870, 0.06570, 0.06570
0.47516, 1.04389, 1.04389, 0.07151, 0.07151, 0.06851, 0.06851
0.48167, 1.04521, 1.04521, 0.07527, 0.07527, 0.07201, 0.07201
0.48817, 1.04483, 1.04483, 0.07720, 0.07720, 0.07388, 0.07388
0.49468, 1.04800, 1.04800, 0.08266, 0.08266, 0.07887, 0.07887
0.50119, 1.04509, 1.04509, 0.08529, 0.08529, 0.08161, 0.08161
0.50770, 1.04818, 1.04818, 0.08988, 0.08988, 0.08575, 0.08575
0.51421, 1.04677, 1.04677, 0.09270, 0.09270, 0.08855, 0.08855
0.52072, 1.05194, 1.05194, 0.09762, 0.09762, 0.09280, 0.09280
0.52723, 1.05136, 1.05136, 0.10187, 0.10187, 0.09689, 0.09689
0.53374, 1.05033, 1.05033, 0.10865, 0.10865, 0.10344, 0.10344
0.54025, 1.05459, 1.05459, 0.11254, 0.11254, 0.10671, 0.10671
0.54676, 1.05393, 1.05393, 0.11783, 0.11783, 0.11180, 0.11180
0.55327, 1.05681, 1.05681, 0.12521, 0.12521, 0.11848, 0.11848
0.55978, 1.05771, 1.05771, 0.13449, 0.13449, 0.12716, 0.12716
0.56629, 1.05626, 1.05626, 0.14109, 0.14109, 0.13357, 0.13357
0.57281, 1.05844, 1.05844, 0.14986, 0.14986, 0.14159, 0.14159
0.57932, 1.05905, 1.05905, 0.16131, 0.16131, 0.15232, 0.15232
0.58583, 1.06157, 1.06157, 0.17147, 0.17147, 0.16152, 0.16152
0.59235, 1.06207, 1.06207, 0.17846, 0.17846, 0.16803, 0.16803
0.59886, 1.06298, 1.06298, 0.18584, 0.18584, 0.17482, 0.17482
0.60538, 1.06418, 1.06418, 0.18896, 0.18896, 0.17756, 0.17756
0.61189, 1.06547, 1.06547, 0.19768, 0.19768, 0.18553, 0.18553
0.61841, 1.06651, 1.06651, 0.20200, 0.20200, 0.18941, 0.18941
0.62492, 1.06830, 1.06830, 0.21238, 0.21238, 0.19880, 0.19880
0.63144, 1.06876, 1.06876, 0.21571, 0.21571, 0.20183, 0.20183
0.70968, 1.07882, 1.07882, 0.24404, 0.24404, 0.22621, 0.22621
0.71620, 1.08033, 1.08033, 0.24609, 0.24609, 0.22779, 0.22779
0.72272, 1.08087, 1.08087, 0.25076, 0.25076, 0.23200, 0.23200
0.72925, 1.08368, 1.08221, 0.25050, 0.25231, 0.23116, 0.23314
0.73577, 1.08341, 1.08189, 0.24789, 0.24976, 0.22881, 0.23085
0.74230, 1.08542, 1.08383, 0.24725, 0.24919, 0.22779, 0.22992
0.74882, 1.08618, 1.08452, 0.24815, 0.25018, 0.22847, 0.23069
0.75535, 1.08678, 1.08505, 0.25033, 0.25246, 0.23034, 0.23267
0.76187, 1.08809, 1.08629, 0.25161, 0.25383, 0.23124, 0.23367
0.76840, 1.08957, 1.08769, 0.25120, 0.25352, 0.23055, 0.23308
0.77492, 1.09130, 1.08935, 0.25326, 0.25568, 0.23207, 0.23471
0.78145, 1.09236, 1.09033, 0.25157, 0.25408, 0.23030, 0.23303
0.78798, 1.09298, 1.09087, 0.25225, 0.25486, 0.23079, 0.23363
0.79451, 1.09474, 1.09255, 0.25059, 0.25329, 0.22891, 0.23183
0.80104, 1.09579, 1.09350, 0.25111, 0.25391, 0.22916, 0.23220
0.80756, 1.09630, 1.09393, 0.25147, 0.25438, 0.22938, 0.23254
0.81409, 1.09880, 1.09634, 0.25336, 0.25641, 0.23058, 0.23387
0.82062, 1.09907, 1.09652, 0.25274, 0.25589, 0.22996, 0.23337
0.82715, 1.09987, 1.09721, 0.25187, 0.25512, 0.22900, 0.23252
0.83368, 1.10120, 1.09845, 0.25140, 0.25477, 0.22829, 0.23193
0.84022, 1.10203, 1.09917, 0.25174, 0.25524, 0.22844, 0.23221
0.84675, 1.10364, 1.10067, 0.24976, 0.25335, 0.22630, 0.23018
0.85328, 1.10271, 1.09964, 0.24764, 0.25133, 0.22457, 0.22856
0.85981, 1.10385, 1.10067, 0.24812, 0.25195, 0.22478, 0.22891
0.86634, 1.10533, 1.10204, 0.25048, 0.25449, 0.22661, 0.23092
0.87288, 1.10714, 1.10372, 0.24752, 0.25161, 0.22356, 0.22797
0.87941, 1.10845, 1.10491, 0.24456, 0.24875, 0.22064, 0.22513
0.88595, 1.10969, 1.10602, 0.24490, 0.24923, 0.22069, 0.22534
0.89248, 1.11093, 1.10713, 0.24759, 0.25213, 0.22287, 0.22773
0.89902, 1.11157, 1.10764, 0.24351, 0.24812, 0.21907, 0.22401
0.90555, 1.11178, 1.10772, 0.24185, 0.24658, 0.21753, 0.22260
0.91209, 1.11311, 1.10891, 0.24128, 0.24616, 0.21676, 0.22198
0.91862, 1.11475, 1.11040, 0.24277, 0.24784, 0.21778, 0.22320
0.92516, 1.11561, 1.11112, 0.24064, 0.24584, 0.21571, 0.22125
0.93170, 1.11643, 1.11178, 0.23963, 0.24496, 0.21463, 0.22033
0.93824, 1.11717, 1.11237, 0.23959, 0.24510, 0.21446, 0.22034
0.94477, 1.11814, 1.11318, 0.24049, 0.24620, 0.21508, 0.22117
0.95131, 1.11956, 1.11444, 0.24200, 0.24793, 0.21615, 0.22247
0.95785, 1.11953, 1.11425, 0.24077, 0.24685, 0.21506, 0.22154
0.96439, 1.11961, 1.11416, 0.24171, 0.24802, 0.21589, 0.22260
0.97093, 1.12087, 1.11524, 0.23970, 0.24614, 0.21385, 0.22071
0.97747, 1.12154, 1.11574, 0.23879, 0.24541, 0.21291, 0.21995
0.98401, 1.12261, 1.11662, 0.23510, 0.24181, 0.20942, 0.21656
0.99055, 1.12217, 1.11599, 0.23644, 0.24340, 0.21070, 0.21810
0.99710, 1.12255, 1.11619, 0.23796, 0.24519, 0.21198, 0.21966
1.00364, 1.11966, 1.11312, 0.23742, 0.24485, 0.21205, 0.21997
1.01018, 1.11898, 1.11225, 0.23616, 0.24377, 0.21105, 0.21917
1.04720, 1.11529, 1.11529, 0.23937, 0.23937, 0.21462, 0.21462
1.05375, 1.11577, 1.11577, 0.23915, 0.23915, 0.21433, 0.21433
1.06030, 1.11561, 1.11561, 0.23794, 0.23794, 0.21329, 0.21329
1.06685, 1.11743, 1.11743, 0.23810, 0.23810, 0.21308, 0.21308
1.07341, 1.11844, 1.11844, 0.23898, 0.23898, 0.21368, 0.21368
1.07996, 1.11847, 1.11847, 0.23808, 0.23808, 0.21286, 0.21286
1.08651, 1.11854, 1.11854, 0.23919, 0.23919, 0.21384, 0.21384
1.09307, 1.11768, 1.11768, 0.23951, 0.23951, 0.21430, 0.21430
1.09962, 1.11899, 1.11899, 0.24051, 0.24051, 0.21493, 0.21493
1.10617, 1.11965, 1.11965, 0.24266, 0.24266, 0.21673, 0.21673
1.11273, 1.10984, 1.10984, 0.24063, 0.24063, 0.21682, 0.21682
1.11928, 1.12018, 1.12018, 0.24314, 0.24314, 0.21706, 0.21706
1.12584, 1.12039, 1.12039, 0.24398, 0.24398, 0.21777, 0.21777
1.13239, 1.11987, 1.11987, 0.24411, 0.24411, 0.21798, 0.21798
1.13895, 1.12089, 1.12089, 0.24363, 0.24363, 0.21735, 0.21735
1.14551, 1.12153, 1.12153, 0.24409, 0.24409, 0.21764, 0.21764
1.15206, 1.12103, 1.12103, 0.24486, 0.24486, 0.21843, 0.21843
1.15862, 1.12299, 1.12299, 0.24484, 0.24484, 0.21802, 0.21802
1.16518, 1.12392, 1.12392, 0.24485, 0.24485, 0.21785, 0.21785
1.17173, 1.12344, 1.12344, 0.24479, 0.24479, 0.21789, 0.21789
1.17829, 1.12458, 1.12458, 0.24463, 0.24463, 0.21753, 0.21753
1.18485, 1.12566, 1.12566, 0.24478, 0.24478, 0.21746, 0.21746
1.19141, 1.12642, 1.12642, 0.24624, 0.24624, 0.21861, 0.21861
1.19797, 1.12703, 1.12703, 0.24483, 0.24483, 0.21723, 0.21723
1.20453, 1.12768, 1.12768, 0.24347, 0.24347, 0.21590, 0.21590
1.21109, 1.12857, 1.12857, 0.24427, 0.24427, 0.21644, 0.21644
1.21765, 1.12975, 1.12975, 0.24386, 0.24386, 0.21585, 0.21585
1.22421, 1.13090, 1.13090, 0.24411, 0.24411, 0.21585, 0.21585
1.23077, 1.13094, 1.13094, 0.24568, 0.24568, 0.21724, 0.21724
1.23733, 1.13167, 1.13167, 0.24637, 0.24637, 0.21770, 0.21770
1.24389, 1.13234, 1.13234, 0.24652, 0.24652, 0.21771, 0.21771
1.25045, 1.13416, 1.13416, 0.24831, 0.24831, 0.21894, 0.21894
1.25701, 1.13278, 1.13278, 0.24751, 0.24751, 0.21850, 0.21850
1.26357, 1.13408, 1.13408, 0.24892, 0.24892, 0.21949, 0.21949
1.27014, 1.13510, 1.13510, 0.25072, 0.25072, 0.22088, 0.22088
1.27670, 1.13673, 1.13673, 0.25109, 0.25109, 0.22089, 0.22089
1.28326, 1.13758, 1.13758, 0.25000, 0.25000, 0.21976, 0.21976
1.28983, 1.13869, 1.13869, 0.25129, 0.25129, 0.22069, 0.22069
1.29639, 1.14071, 1.14071, 0.25234, 0.25234, 0.22121, 0.22121
1.30295, 1.14118, 1.14118, 0.25229, 0.25229, 0.22108, 0.22108
1.30952, 1.14231, 1.14231, 0.25181, 0.25181, 0.22044, 0.22044
1.31608, 1.14329, 1.14329, 0.25257, 0.25257, 0.22091, 0.22091
1.32265, 1.14292, 1.14292, 0.25438, 0.25438, 0.22257, 0.22257
1.32921, 1.14553, 1.14553, 0.25372, 0.25372, 0.22148, 0.22148
1.33578, 1.14634, 1.14634, 0.25452, 0.25452, 0.22203, 0.22203
1.34234, 1.14694, 1.14694, 0.25556, 0.25556, 0.22282, 0.22282
1.34891, 1.14912, 1.14912, 0.25688, 0.25688, 0.22354, 0.22354
1.35548, 1.14896, 1.14896, 0.25842, 0.25842, 0.22492, 0.22492
1.36205, 1.15014, 1.15014, 0.25885, 0.25885, 0.22506, 0.22506
1.36861, 1.15084, 1.15084, 0.25747, 0.25747, 0.22372, 0.22372
1.37518, 1.15283, 1.15283, 0.25904, 0.25904, 0.22470, 0.22470
1.38175, 1.15308, 1.15308, 0.26014, 0.26014, 0.22560, 0.22560
1.38832, 1.15278, 1.15278, 0.25815, 0.25815, 0.22394, 0.22394
1.39489, 1.15194, 1.15194, 0.25894, 0.25894, 0.22479, 0.22479
1.40145, 1.15075, 1.15075, 0.25947, 0.25947, 0.22548, 0.22548
1.40802, 1.14979, 1.14979, 0.26009, 0.26009, 0.22620, 0.22620
1.41459, 1.15138, 1.15138, 0.25988, 0.25988, 0.22571, 0.22571
1.42116, 1.15340, 1.15340, 0.26120, 0.26120, 0.22646, 0.22646
1.42773, 1.15576, 1.15576, 0.26038, 0.26038, 0.22529, 0.22529
1.43431, 1.15762, 1.15762, 0.26137, 0.26137, 0.22578, 0.22578
1.44088, 1.15931, 1.15931, 0.25928, 0.25928, 0.22365, 0.22365
1.44745, 1.16009, 1.16009, 0.26142, 0.26142, 0.22535, 0.22535
1.45402, 1.16204, 1.16204, 0.26187, 0.26187, 0.22535, 0.22535
1.46059, 1.16544, 1.16544, 0.26363, 0.26363, 0.22620, 0.22620
1.46716, 1.16598, 1.16598, 0.26423, 0.26423, 0.22662, 0.22662
1.47374, 1.16799, 1.16799, 0.26381, 0.26381, 0.22586, 0.22586
1.48031, 1.16911, 1.16911, 0.26381, 0.26381, 0.22565, 0.22565
1.48688, 1.17048, 1.17048, 0.26203, 0.26203, 0.22386, 0.22386
1.49346, 1.17137, 1.17137, 0.26479, 0.26479, 0.22605, 0.22605
1.50003, 1.17286, 1.17286, 0.26374, 0.26374, 0.22487, 0.22487
1.50661, 1.17478, 1.17478, 0.26326, 0.26326, 0.22409, 0.22409
1.51318, 1.17436, 1.17436, 0.26633, 0.26633, 0.22678, 0.22678
1.51976, 1.17624, 1.17624, 0.26548, 0.26548, 0.22570, 0.22570
1.52633, 1.17826, 1.17826, 0.26587, 0.26587, 0.22564, 0.22564
1.53291, 1.17924, 1.17924, 0.26541, 0.26541, 0.22507, 0.22507
1.53948, 1.17946, 1.17946, 0.26594, 0.26594, 0.22547, 0.22547
1.54606, 1.18210, 1.18210, 0.26879, 0.26879, 0.22738, 0.22738
1.55264, 1.18280, 1.18280, 0.26858, 0.26858, 0.22707, 0.22707
1.55921, 1.18425, 1.18425, 0.26852, 0.26852, 0.22675, 0.22675
1.56579, 1.18617, 1.18617, 0.26836, 0.26836, 0.22624, 0.22624
1.57237, 1.18622, 1.18622, 0.26645, 0.26645, 0.22462, 0.22462
1.57895, 1.18826, 1.18826, 0.26845, 0.26845, 0.22592, 0.22592
1.58552, 1.19006, 1.19006, 0.27007, 0.27007, 0.22694, 0.22694
1.59210, 1.19108, 1.19108, 0.26806, 0.26806, 0.22505, 0.22505
1.59868, 1.19184, 1.19184, 0.26839, 0.26839, 0.22519, 0.22519
1.60526, 1.19260, 1.19260, 0.26806, 0.26806, 0.22477, 0.22477
1.61184, 1.19469, 1.19469, 0.26935, 0.26935, 0.22545, 0.22545
1.61842, 1.19392, 1.19392, 0.26992, 0.26992, 0.22608, 0.22608
1.62500, 1.19560, 1.19560, 0.27135, 0.27135, 0.22696, 0.22696
1.63158, 1.19792, 1.19792, 0.27319, 0.27319, 0.22805, 0.22805
1.63816, 1.19851, 1.19851, 0.27173, 0.27173, 0.22672, 0.22672
1.64474, 1.20089, 1.20089, 0.27282, 0.27282, 0.22718, 0.22718
1.67107, 1.20514, 1.20514, 0.27096, 0.27096, 0.22484, 0.22484
1.67766, 1.20690, 1.20690, 0.27265, 0.27265, 0.22591, 0.22591
1.68424, 1.20749, 1.20749, 0.27220, 0.27220, 0.22542, 0.22542
1.69082, 1.20935, 1.20935, 0.27290, 0.27290, 0.22566, 0.22566
1.69741, 1.21252, 1.21252, 0.27370, 0.27370, 0.22573, 0.22573
1.70399, 1.21311, 1.21311, 0.27569, 0.27569, 0.22726, 0.22726
1.71058, 1.21450, 1.21450, 0.27553, 0.27553, 0.22687, 0.22687
1.71716, 1.21538, 1.21538, 0.27566, 0.27566, 0.22681, 0.22681
1.72375, 1.21624, 1.21624, 0.27556, 0.27556, 0.22657, 0.22657
1.73033, 1.21811, 1.21811, 0.27610, 0.27610, 0.22666, 0.22666
1.73692, 1.22022, 1.22022, 0.27590, 0.27590, 0.22611, 0.22611
1.74351, 1.22001, 1.22001, 0.27623, 0.27623, 0.22642, 0.22642
1.75009, 1.22245, 1.22245, 0.27657, 0.27657, 0.22624, 0.22624
1.75668, 1.22285, 1.22285, 0.27683, 0.27683, 0.22638, 0.22638
1.76327, 1.22468, 1.22468, 0.27660, 0.27660, 0.22586, 0.22586
1.76985, 1.22508, 1.22508, 0.27704, 0.27704, 0.22614, 0.22614
1.77644, 1.22600, 1.22600, 0.27675, 0.27675, 0.22573, 0.22573
1.78303, 1.22734, 1.22734, 0.27707, 0.27707, 0.22575, 0.22575
1.78962, 1.22814, 1.22814, 0.27706, 0.27706, 0.22559, 0.22559
1.79621, 1.22871, 1.22871, 0.27707, 0.27707, 0.22550, 0.22550
1.80280, 1.22867, 1.22867, 0.27683, 0.27683, 0.22531, 0.22531
1.80939, 1.23003, 1.23003, 0.27737, 0.27737, 0.22550, 0.22550
1.81598, 1.23092, 1.23092, 0.27748, 0.27748, 0.22543, 0.22543
1.82257, 1.23205, 1.23205, 0.27767, 0.27767, 0.22537, 0.22537
1.82916, 1.23255, 1.23255, 0.27765, 0.27765, 0.22527, 0.22527
1.83575, 1.23306, 1.23306, 0.27781, 0.27781, 0.22530, 0.22530
1.84234, 1.23294, 1.23294, 0.27746, 0.27746, 0.22504, 0.22504
1.84893, 1.23455, 1.23455, 0.27788, 0.27788, 0.22509, 0.22509
1.85552, 1.23477, 1.23477, 0.27776, 0.27776, 0.22495, 0.22495
1.86212, 1.23480, 1.23480, 0.27759, 0.27759, 0.22481, 0.22481
1.86871, 1.23679, 1.23679, 0.27807, 0.27807, 0.22483, 0.22483
1.87530, 1.23398, 1.23398, 0.27776, 0.27776, 0.22509, 0.22509
1.88190, 1.23372, 1.23372, 0.27742, 0.27742, 0.22486, 0.22486
1.88849, 1.23230, 1.23230, 0.27659, 0.27659, 0.22445, 0.22445
1.89508, 1.23003, 1.23003, 0.27614, 0.27614, 0.22450, 0.22450
1.90168, 1.22711, 1.22711, 0.27521, 0.27521, 0.22427, 0.22427
1.90827, 1.22467, 1.22467, 0.27421, 0.27421, 0.22391, 0.22391
1.91487, 1.22231, 1.22231, 0.27373, 0.27373, 0.22395, 0.22395
1.92146, 1.22100, 1.22100, 0.27374, 0.27374, 0.22420, 0.22420
1.92806, 1.22216, 1.22216, 0.27388, 0.27388, 0.22409, 0.22409
1.93465, 1.22224, 1.22224, 0.27393, 0.27393, 0.22412, 0.22412
1.94125, 1.22541, 1.22541, 0.27375, 0.27375, 0.22340, 0.22340
1.94785, 1.22567, 1.22567, 0.27408, 0.27408, 0.22362, 0.22362
1.95444, 1.22764, 1.22764, 0.27550, 0.27550, 0.22441, 0.22441
1.96104, 1.22853, 1.22853, 0.27645, 0.27645, 0.22503, 0.22503
1.96764, 1.22869, 1.22869, 0.27654, 0.27654, 0.22506, 0.22506
1.97424, 1.22920, 1.22920, 0.27592, 0.27592, 0.22447, 0.22447
1.98084, 1.22979, 1.22979, 0.27565, 0.27565, 0.22414, 0.22414
1.98743, 1.22990, 1.22990, 0.27533, 0.27533, 0.22387, 0.22387
1.99403, 1.22943, 1.22943, 0.27437, 0.27437, 0.22317, 0.22317
2.00063, 1.22764, 1.22764, 0.27305, 0.27305, 0.22242, 0.22242
2.00723, 1.23052, 1.23052, 0.27642, 0.27642, 0.22463, 0.22463
2.01383, 1.23176, 1.23176, 0.27630, 0.27630, 0.22431, 0.22431
2.02043, 1.23542, 1.23542, 0.27621, 0.27621, 0.22357, 0.22357
2.02703, 1.23602, 1.23602, 0.27628, 0.27628, 0.22352, 0.22352
2.03363, 1.23752, 1.23752, 0.27664, 0.27664, 0.22354, 0.22354
2.04024, 1.23977, 1.23977, 0.27761, 0.27761, 0.22392, 0.22392
2.04684, 1.24103, 1.24103, 0.27838, 0.27838, 0.22432, 0.22432
2.05344, 1.24133, 1.24133, 0.27880, 0.27880, 0.22459, 0.22459
2.06004, 1.24176, 1.24176, 0.27935, 0.27935, 0.22496, 0.22496
2.06664, 1.24309, 1.24309, 0.27885, 0.27885, 0.22432, 0.22432
2.07325, 1.24373, 1.24373, 0.27871, 0.27871, 0.22409, 0.22409
2.07985, 1.24268, 1.24268, 0.27825, 0.27825, 0.22391, 0.22391
2.08645, 1.24285, 1.24285, 0.27777, 0.27777, 0.22350, 0.22350
2.09306, 1.24288, 1.24288, 0.27776, 0.27776, 0.22348, 0.22348
2.09966, 1.24285, 1.24285, 0.27763, 0.27763, 0.22338, 0.22338
2.10627, 1.24371, 1.24371, 0.27755, 0.27755, 0.22317, 0.22317
2.11287, 1.24226, 1.24226, 0.27744, 0.27744, 0.22334, 0.22334
2.11948, 1.24107, 1.24107, 0.27702, 0.27702, 0.22321, 0.22321
2.12608, 1.24124, 1.24124, 0.27708, 0.27708, 0.22323, 0.22323
2.13269, 1.24286, 1.24286, 0.27729, 0.27729, 0.22311, 0.22311
2.13930, 1.24088, 1.24088, 0.27679, 0.27679, 0.22306, 0.22306
2.14590, 1.24101, 1.24101, 0.27658, 0.27658, 0.22287, 0.22287
2.15251, 1.24052, 1.24052, 0.27668, 0.27668, 0.22303, 0.22303
2.15912, 1.24009, 1.24009, 0.27634, 0.27634, 0.22284, 0.22284
2.16572, 1.23935, 1.23935, 0.27583, 0.27583, 0.22256, 0.22256
2.17233, 1.23661, 1.23661, 0.27561, 0.27561, 0.22287, 0.22287
2.17894, 1.23203, 1.23203, 0.27498, 0.27498, 0.22319, 0.22319
2.18555, 1.23309, 1.23309, 0.27450, 0.27450, 0.22261, 0.22261
2.19216, 1.23016, 1.23016, 0.27384, 0.27384, 0.22260, 0.22260
2.19877, 1.22840, 1.22840, 0.27313, 0.27313, 0.22235, 0.22235
2.20538, 1.22523, 1.22523, 0.27248, 0.27248, 0.22239, 0.22239
2.21199, 1.22356, 1.22356, 0.27175, 0.27175, 0.22210, 0.22210
2.21860, 1.22041, 1.22041, 0.27124, 0.27124, 0.22225, 0.22225
2.22521, 1.21836, 1.21836, 0.27039, 0.27039, 0.22193, 0.22193
2.23182, 1.21464, 1.21464, 0.26932, 0.26932, 0.22172, 0.22172
2.23843, 1.21029, 1.21029, 0.26822, 0.26822, 0.22162, 0.22162
2.24504, 1.20636, 1.20636, 0.26748, 0.26748, 0.22172, 0.22172
2.25165, 1.20418, 1.20418, 0.26657, 0.26657, 0.22137, 0.22137
2.25827, 1.20222, 1.20222, 0.26601, 0.26601, 0.22126, 0.22126
2.26488, 1.20279, 1.20279, 0.26536, 0.26536, 0.22062, 0.22062
2.27149, 1.20208, 1.20208, 0.26608, 0.26608, 0.22134, 0.22134
2.27810, 1.20118, 1.20118, 0.26601, 0.26601, 0.22145, 0.22145
2.28472, 1.19937, 1.19937, 0.26587, 0.26587, 0.22168, 0.22168
2.29133, 1.19705, 1.19705, 0.26591, 0.26591, 0.22214, 0.22214
2.29795, 1.19532, 1.19532, 0.26514, 0.26514, 0.22182, 0.22182
2.30456, 1.19370, 1.19370, 0.26447, 0.26447, 0.22156, 0.22156
2.31118, 1.19162, 1.19162, 0.26413, 0.26413, 0.22166, 0.22166
2.31779, 1.18923, 1.18923, 0.26281, 0.26281, 0.22099, 0.22099
2.32441, 1.18681, 1.18681, 0.26199, 0.26199, 0.22075, 0.22075
2.33102, 1.18393, 1.18393, 0.26109, 0.26109, 0.22053, 0.22053
2.33764, 1.18382, 1.18382, 0.26083, 0.26083, 0.22033, 0.22033
2.34426, 1.18230, 1.18230, 0.26065, 0.26065, 0.22046, 0.22046
2.35087, 1.18131, 1.18131, 0.26099, 0.26099, 0.22094, 0.22094
2.35749, 1.18411, 1.18411, 0.26061, 0.26061, 0.22009, 0.22009
2.36411, 1.18337, 1.18337, 0.26097, 0.26097, 0.22053, 0.22053
2.37072, 1.18633, 1.18633, 0.26166, 0.26166, 0.22056, 0.22056
2.37734, 1.18719, 1.18719, 0.26161, 0.26161, 0.22036, 0.22036
2.38396, 1.18834, 1.18834, 0.26122, 0.26122, 0.21982, 0.21982
2.39058, 1.19033, 1.19033, 0.26135, 0.26135, 0.21956, 0.21956
2.39720, 1.19043, 1.19043, 0.26198, 0.26198, 0.22007, 0.22007
2.40382, 1.19151, 1.19151, 0.26246, 0.26246, 0.22027, 0.22027
2.41044, 1.19185, 1.19185, 0.26350, 0.26350, 0.22109, 0.22109
2.41706, 1.19171, 1.19171, 0.26384, 0.26384, 0.22140, 0.22140
2.42368, 1.19134, 1.19134, 0.26314, 0.26314, 0.22087, 0.22087
2.43030, 1.19032, 1.19032, 0.26314, 0.26314, 0.22106, 0.22106
2.43692, 1.18990, 1.18990, 0.26298, 0.26298, 0.22101, 0.22101
2.44354, 1.18838, 1.18838, 0.26287, 0.26287, 0.22120, 0.22120
2.45017, 1.18674, 1.18674, 0.26251, 0.26251, 0.22120, 0.22120
2.45679, 1.18645, 1.18645, 0.26185, 0.26185, 0.22070, 0.22070
2.46341, 1.18450, 1.18450, 0.26148, 0.26148, 0.22075, 0.22075
2.47003, 1.18241, 1.18241, 0.26081, 0.26081, 0.22057, 0.22057
2.47666, 1.18188, 1.18188, 0.25958, 0.25958, 0.21964, 0.21964
2.48328, 1.18097, 1.18097, 0.25886, 0.25886, 0.21919, 0.21919
2.48990, 1.17961, 1.17961, 0.25926, 0.25926, 0.21978, 0.21978
2.49653, 1.17876, 1.17876, 0.25944, 0.25944, 0.22010, 0.22010
2.50312, 1.17914, 1.17914, 0.25918, 0.25918, 0.21980, 0.21980
2.50972, 1.17830, 1.17830, 0.25891, 0.25891, 0.21973, 0.21973
2.51632, 1.17725, 1.17725, 0.25831, 0.25831, 0.21942, 0.21942
2.52292, 1.17667, 1.17667, 0.25710, 0.25710, 0.21850, 0.21850
2.52951, 1.17458, 1.17458, 0.25669, 0.25669, 0.21854, 0.21854
2.53611, 1.17600, 1.17600, 0.25619, 0.25619, 0.21785, 0.21785
2.54271, 1.17594, 1.17594, 0.25595, 0.25595, 0.21766, 0.21766
2.54931, 1.17516, 1.17516, 0.25497, 0.25497, 0.21697, 0.21697
2.55591, 1.17567, 1.17567, 0.25437, 0.25437, 0.21636, 0.21636
2.56251, 1.17757, 1.17757, 0.25456, 0.25456, 0.21617, 0.21617
2.56911, 1.17598, 1.17598, 0.25337, 0.25337, 0.21546, 0.21546
2.57571, 1.17729, 1.17729, 0.25383, 0.25383, 0.21560, 0.21560
2.58231, 1.17708, 1.17708, 0.25304, 0.25304, 0.21497, 0.21497
2.58891, 1.17764, 1.17764, 0.25316, 0.25316, 0.21497, 0.21497
2.59551, 1.17754, 1.17754, 0.25213, 0.25213, 0.21412, 0.21412
2.60212, 1.17936, 1.17936, 0.25125, 0.25125, 0.21304, 0.21304
2.60872, 1.17699, 1.17699, 0.25173, 0.25173, 0.21388, 0.21388
2.61532, 1.17691, 1.17691, 0.25145, 0.25145, 0.21365, 0.21365
2.62192, 1.17801, 1.17801, 0.25256, 0.25256, 0.21439, 0.21439
2.62853, 1.17597, 1.17597, 0.25089, 0.25089, 0.21335, 0.21335
2.63513, 1.17600, 1.17600, 0.25065, 0.25065, 0.21314, 0.21314
2.64174, 1.17339, 1.17339, 0.24795, 0.24795, 0.21131, 0.21131
2.64834, 1.17401, 1.17401, 0.24655, 0.24655, 0.21001, 0.21001
2.65495, 1.16972, 1.16972, 0.23966, 0.23966, 0.20489, 0.20489
2.84004, 1.06747, 1.06747, 0.06757, 0.06757, 0.06330, 0.06330
2.84666, 1.06877, 1.06877, 0.06683, 0.06683, 0.06253, 0.06253
2.85328, 1.07116, 1.07116, 0.06547, 0.06547, 0.06112, 0.06112
2.85989, 1.07505, 1.07505, 0.06515, 0.06515, 0.06060, 0.06060
2.86651, 1.07454, 1.07454, 0.06452, 0.06452, 0.06004, 0.06004
2.87313, 1.06482, 1.06482, 0.06319, 0.06319, 0.05934, 0.05934
2.87975, 1.05741, 1.05741, 0.06339, 0.06339, 0.05995, 0.05995
2.88636, 1.05742, 1.05742, 0.06317, 0.06317, 0.05974, 0.05974
2.89298, 1.05649, 1.05649, 0.06296, 0.06296, 0.05959, 0.05959
2.89960, 1.05570, 1.05570, 0.06237, 0.06237, 0.05908, 0.05908
2.90622, 1.05282, 1.05282, 0.06092, 0.06092, 0.05786, 0.05786
2.91284, 1.04972, 1.04972, 0.05939, 0.05939, 0.05657, 0.05657
2.91946, 1.04625, 1.04625, 0.05844, 0.05844, 0.05585, 0.05585
2.92608, 1.04427, 1.04427, 0.05739, 0.05739, 0.05495, 0.05495
2.93270, 1.04227, 1.04227, 0.05616, 0.05616, 0.05389, 0.05389
2.93932, 1.03564, 1.03564, 0.05578, 0.05578, 0.05386, 0.05386
2.94595, 1.02789, 1.02789, 0.05549, 0.05549, 0.05399, 0.05399
2.95257, 1.02909, 1.02909, 0.05566, 0.05566, 0.05409, 0.05409
2.95919, 1.03168, 1.03168, 0.05631, 0.05631, 0.05458, 0.05458
2.96581, 1.03115, 1.03115, 0.05663, 0.05663, 0.05492, 0.05492
2.97244, 1.03622, 1.03622, 0.05746, 0.05746, 0.05545, 0.05545
2.97906, 1.04059, 1.04059, 0.05788, 0.05788, 0.05563, 0.05563
2.98568, 1.04474, 1.04474, 0.05851, 0.05851, 0.05600, 0.05600
2.99231, 1.04714, 1.04714, 0.05881, 0.05881, 0.05616, 0.05616
2.99893, 1.04287, 1.04287, 0.05956, 0.05956, 0.05711, 0.05711
3.00556, 1.03932, 1.03932, 0.06004, 0.06004, 0.05777, 0.05777
3.01218, 1.03708, 1.03708, 0.06105, 0.06105, 0.05886, 0.05886
3.01881, 1.04026, 1.04026, 0.06180, 0.06180, 0.05941, 0.05941
3.02544, 1.04258, 1.04258, 0.06288, 0.06288, 0.06032, 0.06032
3.03206, 1.04268, 1.04268, 0.06351, 0.06351, 0.06092, 0.06092
3.03869, 1.03930, 1.03930, 0.06383, 0.06383, 0.06141, 0.06141
3.04532, 1.03603, 1.03603, 0.06427, 0.06427, 0.06203, 0.06203
3.05195, 1.03593, 1.03593, 0.06437, 0.06437, 0.06213, 0.06213
3.05857, 1.03271, 1.03271, 0.06428, 0.06428, 0.06224, 0.06224
3.06520, 1.02547, 1.02547, 0.06415, 0.06415, 0.06255, 0.06255
3.07183, 1.01240, 1.01240, 0.06405, 0.06405, 0.06326, 0.06326
3.07846, 1.00861, 1.00861, 0.06457, 0.06457, 0.06402, 0.06402
3.08509, 1.01590, 1.01590, 0.06502, 0.06502, 0.06401, 0.06401
3.09172, 1.01778, 1.01778, 0.06548, 0.06548, 0.06434, 0.06434
3.09835, 1.01864, 1.01864, 0.06592, 0.06592, 0.06472, 0.06472
3.10498, 1.02273, 1.02273, 0.06615, 0.06615, 0.06468, 0.06468
3.11161, 1.02916, 1.02916, 0.06603, 0.06603, 0.06415, 0.06415
3.11825, 1.03201, 1.03201, 0.06609, 0.06609, 0.06404, 0.06404
3.12488, 1.03300, 1.03300, 0.06561, 0.06561, 0.06351, 0.06351
3.13151, 1.03213, 1.03213, 0.06532, 0.06532, 0.06328, 0.06328
3.13814, 1.03201, 1.03201, 0.06517, 0.06517, 0.06315, 0.06315
3.14478, 1.03273, 1.03273, 0.06533, 0.06533, 0.06326, 0.06326
3.15141, 1.03454, 1.03454, 0.06619, 0.06619, 0.06398, 0.06398
3.15804, 1.03878, 1.03878, 0.06759, 0.06759, 0.06507, 0.06507
3.16468, 1.04231, 1.04231, 0.06918, 0.06918, 0.06637, 0.06637
3.17131, 1.04061, 1.04061, 0.07053, 0.07053, 0.06778, 0.06778
3.17795, 1.03454, 1.03454, 0.07155, 0.07155, 0.06916, 0.06916
3.18458, 1.03076, 1.03076, 0.07299, 0.07299, 0.07081, 0.07081
3.19122, 1.03230, 1.03230, 0.07475, 0.07475, 0.07241, 0.07241
3.19785, 1.03658, 1.03658, 0.07659, 0.07659, 0.07389, 0.07389
3.20449, 1.04337, 1.04337, 0.07833, 0.07833, 0.07508, 0.07508
3.21113, 1.04231, 1.04231, 0.07938, 0.07938, 0.07616, 0.07616
3.21776, 1.03922, 1.03922, 0.08054, 0.08054, 0.07750, 0.07750
3.22440, 1.03246, 1.03246, 0.08189, 0.08189, 0.07932, 0.07932
3.23104, 1.03668, 1.03668, 0.08409, 0.08409, 0.08111, 0.08111
3.23768, 1.04286, 1.04286, 0.08668, 0.08668, 0.08312, 0.08312
3.24432, 1.05015, 1.05015, 0.08901, 0.08901, 0.08476, 0.08476
3.25096, 1.05513, 1.05513, 0.09091, 0.09091, 0.08616, 0.08616
3.25760, 1.05632, 1.05632, 0.09252, 0.09252, 0.08759, 0.08759
3.26424, 1.05277, 1.05277, 0.09377, 0.09377, 0.08907, 0.08907
3.27088, 1.04841, 1.04841, 0.09554, 0.09554, 0.09113, 0.09113
3.27752, 1.04757, 1.04757, 0.09801, 0.09801, 0.09356, 0.09356
3.28416, 1.05056, 1.05056, 0.10149, 0.10149, 0.09661, 0.09661
3.29080, 1.05688, 1.05688, 0.10544, 0.10544, 0.09977, 0.09977
3.29744, 1.06966, 1.06966, 0.10953, 0.10953, 0.10239, 0.10239
3.30408, 1.09543, 1.09543, 0.11509, 0.11509, 0.10506, 0.10506
3.31073, 1.11632, 1.11632, 0.12035, 0.12035, 0.10781, 0.10781
3.31737, 1.11524, 1.11524, 0.12302, 0.12302, 0.11030, 0.11030
3.32401, 1.09846, 1.09846, 0.12386, 0.12386, 0.11276, 0.11276
3.33066, 1.08640, 1.08640, 0.12547, 0.12547, 0.11549, 0.11549
3.33730, 1.08127, 1.08127, 0.12768, 0.12768, 0.11808, 0.11808
3.34395, 1.08034, 1.08034, 0.13012, 0.13012, 0.12044, 0.12044
3.35059, 1.07722, 1.07722, 0.13283, 0.13283, 0.12331, 0.12331
3.35724, 1.07505, 1.07505, 0.13542, 0.13542, 0.12597, 0.12597
3.36388, 1.07446, 1.07446, 0.13815, 0.13815, 0.12858, 0.12858
3.37053, 1.07552, 1.07552, 0.14113, 0.14113, 0.13122, 0.13122
3.37717, 1.07703, 1.07703, 0.14429, 0.14429, 0.13397, 0.13397
3.38382, 1.07775, 1.07775, 0.14682, 0.14682, 0.13622, 0.13622
3.39047, 1.07694, 1.07694, 0.14918, 0.14918, 0.13852, 0.13852
3.39712, 1.07419, 1.07419, 0.15178, 0.15178, 0.14130, 0.14130
3.40376, 1.07253, 1.07253, 0.15487, 0.15487, 0.14439, 0.14439
3.41041, 1.07325, 1.07325, 0.15770, 0.15770, 0.14693, 0.14693
3.41706, 1.07505, 1.07505, 0.16020, 0.16020, 0.14902, 0.14902
3.42371, 1.07543, 1.07543, 0.16341, 0.16341, 0.15195, 0.15195
3.43036, 1.07630, 1.07630, 0.16660, 0.16660, 0.15479, 0.15479
3.43701, 1.07677, 1.07677, 0.16912, 0.16912, 0.15707, 0.15707
3.44366, 1.07732, 1.07732, 0.17149, 0.17149, 0.15918, 0.15918
3.45031, 1.07808, 1.07808, 0.17441, 0.17441, 0.16177, 0.16177
3.45696, 1.07801, 1.07801, 0.17744, 0.17744, 0.16460, 0.16460
3.46361, 1.07686, 1.07686, 0.18004, 0.18004, 0.16719, 0.16719
3.47026, 1.07532, 1.07532, 0.18258, 0.18258, 0.16979, 0.16979
3.47692, 1.07504, 1.07504, 0.18630, 0.18630, 0.17330, 0.17330
3.48357, 1.07411, 1.07411, 0.18936, 0.18936, 0.17630, 0.17630
3.49022, 1.07658, 1.07658, 0.19175, 0.19175, 0.17810, 0.17810
3.49687, 1.07895, 1.07895, 0.19504, 0.19504, 0.18077, 0.18077
3.50353, 1.08009, 1.08009, 0.19914, 0.19914, 0.18437, 0.18437
3.51018, 1.08167, 1.08167, 0.20332, 0.20332, 0.18797, 0.18797
3.51684, 1.08294, 1.08294, 0.20714, 0.20714, 0.19127, 0.19127
3.52349, 1.08470, 1.08470, 0.21260, 0.21260, 0.19599, 0.19599
3.53015, 1.08558, 1.08558, 0.21838, 0.21838, 0.20117, 0.20117
3.53680, 1.08671, 1.08671, 0.22216, 0.22216, 0.20444, 0.20444
3.54346, 1.08877, 1.08877, 0.22522, 0.22522, 0.20685, 0.20685
3.55011, 1.08860, 1.08860, 0.23003, 0.23003, 0.21131, 0.21131
3.55677, 1.08867, 1.08867, 0.23510, 0.23510, 0.21595, 0.21595
3.56343, 1.09046, 1.09046, 0.23893, 0.23893, 0.21911, 0.21911
3.57008, 1.09242, 1.09242, 0.24153, 0.24153, 0.22110, 0.22110
3.57674, 1.09391, 1.09391, 0.24576, 0.24576, 0.22466, 0.22466
3.58340, 1.09300, 1.09300, 0.25028, 0.25028, 0.22899, 0.22899
3.59006, 1.09354, 1.09354, 0.25268, 0.25268, 0.23107, 0.23107
3.59672, 1.09362, 1.09362, 0.25535, 0.25535, 0.23349, 0.23349
3.60338, 1.09319, 1.09319, 0.25858, 0.25858, 0.23654, 0.23654
3.61004, 1.09085, 1.09085, 0.26180, 0.26180, 0.24000, 0.24000
3.61670, 1.08950, 1.08950, 0.26260, 0.26260, 0.24103, 0.24103
3.62336, 1.09027, 1.09027, 0.26365, 0.26365, 0.24182, 0.24182
3.63002, 1.08935, 1.08935, 0.26707, 0.26707, 0.24517, 0.24517
3.63668, 1.09093, 1.09093, 0.27228, 0.27228, 0.24959, 0.24959
3.64334, 1.09123, 1.09123, 0.27453, 0.27453, 0.25158, 0.25158
3.65000, 1.08976, 1.08976, 0.27618, 0.27618, 0.25343, 0.25343
3.65667, 1.08946, 1.08946, 0.27952, 0.27952, 0.25657, 0.25657
3.66333, 1.08935, 1.08935, 0.28359, 0.28359, 0.26033, 0.26033
3.66999, 1.08684, 1.08684, 0.28435, 0.28435, 0.26163, 0.26163
3.67665, 1.08410, 1.08410, 0.28411, 0.28411, 0.26207, 0.26207
3.68332, 1.08167, 1.08167, 0.28715, 0.28715, 0.26547, 0.26547
3.68998, 1.08260, 1.08260, 0.29246, 0.29246, 0.27015, 0.27015
3.69665, 1.08168, 1.08168, 0.29545, 0.29545, 0.27314, 0.27314
3.70331, 1.08241, 1.08241, 0.29567, 0.29567, 0.27316, 0.27316
3.70998, 1.08176, 1.08176, 0.29743, 0.29743, 0.27495, 0.27495
3.71664, 1.08278, 1.08278, 0.30133, 0.30133, 0.27829, 0.27829
3.72331, 1.08191, 1.08191, 0.30245, 0.30245, 0.27956, 0.27956
3.72998, 1.08108, 1.08108, 0.30182, 0.30182, 0.27918, 0.27918
3.73664, 1.07979, 1.07979, 0.30277, 0.30277, 0.28040, 0.28040
3.74331, 1.07767, 1.07767, 0.30707, 0.30707, 0.28494, 0.28494
3.74998, 1.07613, 1.07613, 0.30977, 0.30977, 0.28785, 0.28785
3.75665, 1.07543, 1.07543, 0.30856, 0.30856, 0.28692, 0.28692
3.76331, 1.07541, 1.07541, 0.30721, 0.30721, 0.28566, 0.28566
3.76998, 1.07275, 1.07275, 0.31084, 0.31084, 0.28975, 0.28975
3.77665, 1.06911, 1.06911, 0.31438, 0.31438, 0.29406, 0.29406
3.78332, 1.06545, 1.06545, 0.31478, 0.31478, 0.29545, 0.29545
3.78999, 1.06314, 1.06314, 0.31199, 0.31199, 0.29346, 0.29346
3.79666, 1.06164, 1.06164, 0.31211, 0.31211, 0.29399, 0.29399
3.80333, 1.06056, 1.06056, 0.31657, 0.31657, 0.29849, 0.29849
3.81000, 1.05822, 1.05822, 0.31873, 0.31873, 0.30119, 0.30119
3.81667, 1.05644, 1.05644, 0.31628, 0.31628, 0.29938, 0.29938
3.82335, 1.05596, 1.05596, 0.31429, 0.31429, 0.29764, 0.29764
3.83002, 1.05216, 1.05216, 0.31590, 0.31590, 0.30024, 0.30024
3.83669, 1.04783, 1.04783, 0.31946, 0.31946, 0.30487, 0.30487
3.84336, 1.04420, 1.04420, 0.31930, 0.31930, 0.30579, 0.30579
3.85004, 1.04401, 1.04401, 0.31582, 0.31582, 0.30251, 0.30251
3.85671, 1.04352, 1.04352, 0.31520, 0.31520, 0.30205, 0.30205
3.86339, 1.04239, 1.04239, 0.31735, 0.31735, 0.30445, 0.30445
3.87006, 1.04077, 1.04077, 0.31978, 0.31978, 0.30725, 0.30725
3.87673, 1.03926, 1.03926, 0.31845, 0.31845, 0.30642, 0.30642
3.88341, 1.03940, 1.03940, 0.31569, 0.31569, 0.30372, 0.30372
3.89008, 1.03813, 1.03813, 0.31746, 0.31746, 0.30580, 0.30580
3.89676, 1.03623, 1.03623, 0.32337, 0.32337, 0.31206, 0.31206
