0.43613, 0.98206, 0.98206, 0.05273, 0.05273, 0.05369, 0.05369
0.44263, 0.98385, 0.98385, 0.05426, 0.05426, 0.05515, 0.05515
0.44914, 0.98111, 0.98111, 0.05646, 0.05646, 0.05754, 0.05754
0.45564, 0.98029, 0.98029, 0.06042, 0.06042, 0.06163, 0.06163
0.46215, 0.97910, 0.97910, 0.06156, 0.06156, 0.06288, 0.06288
0.46865, 0.97710, 0.97710, 0.06487, 0.06487, 0.06639, 0.06639
0.47516, 0.97906, 0.97906, 0.06757, 0.06757, 0.06901, 0.06901
0.48167, 0.97913, 0.97913, 0.07123, 0.07123, 0.07275, 0.07275
0.48817, 0.97435, 0.97435, 0.07344, 0.07344, 0.07538, 0.07538
0.49468, 0.97415, 0.97415, 0.07746, 0.07746, 0.07952, 0.07952
0.50119, 0.97317, 0.97317, 0.08086, 0.08086, 0.08309, 0.08309
0.50770, 0.97278, 0.97278, 0.08375, 0.08375, 0.08609, 0.08609
0.51421, 0.97456, 0.97456, 0.08707, 0.08707, 0.08934, 0.08934
0.52072, 0.97273, 0.97273, 0.09160, 0.09160, 0.09417, 0.09417
0.52723, 0.97580, 0.97580, 0.09412, 0.09412, 0.09645, 0.09645
0.53374, 0.97310, 0.97310, 0.10049, 0.10049, 0.10327, 0.10327
0.54025, 0.97514, 0.97514, 0.10473, 0.10473, 0.10740, 0.10740
0.54676, 0.97477, 0.97477, 0.10866, 0.10866, 0.11148, 0.11148
0.55327, 0.97352, 0.97352, 0.11512, 0.11512, 0.11826, 0.11826
0.55978, 0.97131, 0.97131, 0.12353, 0.12353, 0.12718, 0.12718
0.56629, 0.96530, 0.96530, 0.13229, 0.13229, 0.13704, 0.13704
0.57281, 0.96548, 0.96548, 0.14040, 0.14040, 0.14542, 0.14542
0.57932, 0.96328, 0.96328, 0.14699, 0.14699, 0.15259, 0.15259
0.58583, 0.96263, 0.96263, 0.15594, 0.15594, 0.16200, 0.16200
0.59235, 0.96046, 0.96046, 0.16237, 0.16237, 0.16905, 0.16905
0.59886, 0.96166, 0.96166, 0.16625, 0.16625, 0.17287, 0.17287
0.60538, 0.95798, 0.95798, 0.16893, 0.16893, 0.17634, 0.17634
0.61189, 0.95473, 0.95473, 0.17601, 0.17601, 0.18435, 0.18435
0.61841, 0.95484, 0.95484, 0.17898, 0.17898, 0.18745, 0.18745
0.62492, 0.95322, 0.95322, 0.18609, 0.18609, 0.19523, 0.19523
0.63144, 0.94988, 0.94988, 0.18761, 0.18761, 0.19751, 0.19751
0.70968, 0.94349, 0.94349, 0.20218, 0.20218, 0.21429, 0.21429
0.71620, 0.94095, 0.94095, 0.20247, 0.20247, 0.21518, 0.21518
0.72272, 0.94248, 0.94248, 0.20647, 0.20647, 0.21907, 0.21907
0.72925, 0.93490, 0.93792, 0.20840, 0.20827, 0.22291, 0.22205
0.73577, 0.93587, 0.93901, 0.20405, 0.20391, 0.21803, 0.21715
0.74230, 0.93416, 0.93743, 0.20278, 0.20264, 0.21708, 0.21617
0.74882, 0.93183, 0.93523, 0.20145, 0.20130, 0.21618, 0.21524
0.75535, 0.93218, 0.93572, 0.20258, 0.20243, 0.21732, 0.21633
0.76187, 0.93230, 0.93598, 0.20339, 0.20323, 0.21816, 0.21713
0.76840, 0.93210, 0.93592, 0.20315, 0.20298, 0.21795, 0.21688
0.77492, 0.93182, 0.93580, 0.20495, 0.20477, 0.21994, 0.21882
0.78145, 0.93176, 0.93589, 0.20295, 0.20277, 0.21782, 0.21666
0.78798, 0.93107, 0.93536, 0.20221, 0.20202, 0.21718, 0.21598
0.79451, 0.93042, 0.93486, 0.20053, 0.20034, 0.21553, 0.21430
0.80104, 0.93042, 0.93504, 0.19975, 0.19955, 0.21468, 0.21341
0.80756, 0.92912, 0.93390, 0.19965, 0.19944, 0.21488, 0.21356
0.81409, 0.93085, 0.93582, 0.20079, 0.20057, 0.21570, 0.21432
0.82062, 0.93121, 0.93637, 0.20084, 0.20062, 0.21568, 0.21425
0.82715, 0.93179, 0.93714, 0.19992, 0.19969, 0.21455, 0.21308
0.83368, 0.93063, 0.93616, 0.19995, 0.19971, 0.21486, 0.21333
0.84022, 0.93021, 0.93594, 0.20004, 0.19979, 0.21504, 0.21346
0.84675, 0.92890, 0.93483, 0.19804, 0.19779, 0.21320, 0.21158
0.85328, 0.93090, 0.93705, 0.19713, 0.19686, 0.21176, 0.21009
0.85981, 0.92961, 0.93596, 0.19574, 0.19547, 0.21056, 0.20884
0.86634, 0.92792, 0.93448, 0.19761, 0.19733, 0.21296, 0.21116
0.87288, 0.92693, 0.93371, 0.19527, 0.19498, 0.21066, 0.20882
0.87941, 0.92751, 0.93452, 0.19266, 0.19237, 0.20772, 0.20585
0.88595, 0.92837, 0.93563, 0.19302, 0.19272, 0.20791, 0.20598
0.89248, 0.92685, 0.93434, 0.19475, 0.19443, 0.21011, 0.20809
0.89902, 0.92683, 0.93457, 0.19184, 0.19152, 0.20698, 0.20492
0.90555, 0.92504, 0.93302, 0.19012, 0.18979, 0.20553, 0.20341
0.91209, 0.92544, 0.93368, 0.18899, 0.18865, 0.20422, 0.20205
0.91862, 0.92361, 0.93210, 0.19029, 0.18994, 0.20603, 0.20378
0.92516, 0.92263, 0.93138, 0.18902, 0.18866, 0.20487, 0.20256
0.93170, 0.92149, 0.93052, 0.18637, 0.18600, 0.20225, 0.19989
0.93824, 0.91901, 0.92829, 0.18615, 0.18577, 0.20256, 0.20012
0.94477, 0.91890, 0.92848, 0.18636, 0.18597, 0.20281, 0.20029
0.95131, 0.91799, 0.92785, 0.18724, 0.18684, 0.20397, 0.20137
0.95785, 0.91608, 0.92623, 0.18617, 0.18575, 0.20322, 0.20054
0.96439, 0.91397, 0.92440, 0.18619, 0.18576, 0.20371, 0.20095
0.97093, 0.91447, 0.92523, 0.18510, 0.18466, 0.20241, 0.19959
0.97747, 0.91255, 0.92361, 0.18395, 0.18350, 0.20157, 0.19867
0.98401, 0.90969, 0.92105, 0.18013, 0.17967, 0.19801, 0.19508
0.99055, 0.90921, 0.92089, 0.18098, 0.18051, 0.19905, 0.19602
0.99710, 0.90522, 0.91719, 0.18092, 0.18044, 0.19986, 0.19673
1.00364, 0.90511, 0.91743, 0.18110, 0.18060, 0.20009, 0.19686
1.01018, 0.90030, 0.91292, 0.17949, 0.17899, 0.19937, 0.19606
1.04720, 0.88650, 0.88650, 0.18057, 0.18057, 0.20368, 0.20368
1.05375, 0.88798, 0.88798, 0.18091, 0.18091, 0.20373, 0.20373
1.06030, 0.88835, 0.88835, 0.18186, 0.18186, 0.20472, 0.20472
1.06685, 0.88849, 0.88849, 0.18163, 0.18163, 0.20442, 0.20442
1.07341, 0.88826, 0.88826, 0.18119, 0.18119, 0.20398, 0.20398
1.07996, 0.89004, 0.89004, 0.18067, 0.18067, 0.20299, 0.20299
1.08651, 0.89004, 0.89004, 0.18179, 0.18179, 0.20424, 0.20424
1.09307, 0.89038, 0.89038, 0.18223, 0.18223, 0.20467, 0.20467
1.09962, 0.89098, 0.89098, 0.18448, 0.18448, 0.20705, 0.20705
1.10617, 0.89076, 0.89076, 0.18535, 0.18535, 0.20808, 0.20808
1.11273, 0.89329, 0.89329, 0.18592, 0.18592, 0.20813, 0.20813
1.11928, 0.89082, 0.89082, 0.18671, 0.18671, 0.20960, 0.20960
1.12584, 0.89546, 0.89546, 0.18852, 0.18852, 0.21052, 0.21052
1.13239, 0.89063, 0.89063, 0.18798, 0.18798, 0.21106, 0.21106
1.13895, 0.89767, 0.89767, 0.18899, 0.18899, 0.21054, 0.21054
1.14551, 0.89750, 0.89750, 0.19004, 0.19004, 0.21174, 0.21174
1.15206, 0.89908, 0.89908, 0.19087, 0.19087, 0.21229, 0.21229
1.15862, 0.89926, 0.89926, 0.19123, 0.19123, 0.21266, 0.21266
1.16518, 0.90038, 0.90038, 0.19177, 0.19177, 0.21298, 0.21298
1.17173, 0.90131, 0.90131, 0.19219, 0.19219, 0.21323, 0.21323
1.17829, 0.90348, 0.90348, 0.19240, 0.19240, 0.21295, 0.21295
1.18485, 0.90476, 0.90476, 0.19291, 0.19291, 0.21322, 0.21322
1.19141, 0.90377, 0.90377, 0.19428, 0.19428, 0.21497, 0.21497
1.19797, 0.90608, 0.90608, 0.19294, 0.19294, 0.21294, 0.21294
1.20453, 0.90656, 0.90656, 0.19191, 0.19191, 0.21168, 0.21168
1.21109, 0.90756, 0.90756, 0.19291, 0.19291, 0.21256, 0.21256
1.21765, 0.90791, 0.90791, 0.19199, 0.19199, 0.21146, 0.21146
1.22421, 0.90679, 0.90679, 0.19266, 0.19266, 0.21246, 0.21246
1.23077, 0.90887, 0.90887, 0.19364, 0.19364, 0.21306, 0.21306
1.23733, 0.90840, 0.90840, 0.19477, 0.19477, 0.21441, 0.21441
1.24389, 0.91007, 0.91007, 0.19491, 0.19491, 0.21417, 0.21417
1.25045, 0.90974, 0.90974, 0.19655, 0.19655, 0.21605, 0.21605
1.25701, 0.90916, 0.90916, 0.19554, 0.19554, 0.21507, 0.21507
1.26357, 0.91076, 0.91076, 0.19675, 0.19675, 0.21603, 0.21603
1.27014, 0.90887, 0.90887, 0.19888, 0.19888, 0.21882, 0.21882
1.27670, 0.90980, 0.90980, 0.19879, 0.19879, 0.21850, 0.21850
1.28326, 0.91007, 0.91007, 0.19878, 0.19878, 0.21842, 0.21842
1.28983, 0.90811, 0.90811, 0.19958, 0.19958, 0.21978, 0.21978
1.29639, 0.90815, 0.90815, 0.20001, 0.20001, 0.22024, 0.22024
1.30295, 0.90743, 0.90743, 0.20002, 0.20002, 0.22043, 0.22043
1.30952, 0.90778, 0.90778, 0.19941, 0.19941, 0.21967, 0.21967
1.31608, 0.90888, 0.90888, 0.19935, 0.19935, 0.21934, 0.21934
1.32265, 0.90647, 0.90647, 0.20090, 0.20090, 0.22163, 0.22163
1.32921, 0.90808, 0.90808, 0.20089, 0.20089, 0.22122, 0.22122
1.33578, 0.90634, 0.90634, 0.20164, 0.20164, 0.22248, 0.22248
1.34234, 0.90734, 0.90734, 0.20211, 0.20211, 0.22275, 0.22275
1.34891, 0.90536, 0.90536, 0.20205, 0.20205, 0.22317, 0.22317
1.35548, 0.90621, 0.90621, 0.20396, 0.20396, 0.22507, 0.22507
1.36205, 0.90460, 0.90460, 0.20435, 0.20435, 0.22590, 0.22590
1.36861, 0.90494, 0.90494, 0.20342, 0.20342, 0.22478, 0.22478
1.37518, 0.90512, 0.90512, 0.20351, 0.20351, 0.22485, 0.22485
1.38175, 0.90241, 0.90241, 0.20366, 0.20366, 0.22569, 0.22569
1.38832, 0.90239, 0.90239, 0.20259, 0.20259, 0.22450, 0.22450
1.39489, 0.90282, 0.90282, 0.20363, 0.20363, 0.22555, 0.22555
1.40145, 0.90159, 0.90159, 0.20322, 0.20322, 0.22540, 0.22540
1.40802, 0.90267, 0.90267, 0.20343, 0.20343, 0.22536, 0.22536
1.41459, 0.89945, 0.89945, 0.20274, 0.20274, 0.22541, 0.22541
1.42116, 0.90070, 0.90070, 0.20371, 0.20371, 0.22616, 0.22616
1.42773, 0.89971, 0.89971, 0.20133, 0.20133, 0.22377, 0.22377
1.43431, 0.89728, 0.89728, 0.20137, 0.20137, 0.22442, 0.22442
1.44088, 0.89451, 0.89451, 0.19914, 0.19914, 0.22262, 0.22262
1.44745, 0.89163, 0.89163, 0.20057, 0.20057, 0.22495, 0.22495
1.45402, 0.89142, 0.89142, 0.20054, 0.20054, 0.22497, 0.22497
1.46059, 0.88795, 0.88795, 0.20026, 0.20026, 0.22552, 0.22552
1.46716, 0.88602, 0.88602, 0.19989, 0.19989, 0.22560, 0.22560
1.47374, 0.88038, 0.88038, 0.19812, 0.19812, 0.22504, 0.22504
1.48031, 0.87436, 0.87436, 0.19700, 0.19700, 0.22531, 0.22531
1.48688, 0.87109, 0.87109, 0.19452, 0.19452, 0.22330, 0.22330
1.49346, 0.87197, 0.87197, 0.19681, 0.19681, 0.22570, 0.22570
1.50003, 0.87376, 0.87376, 0.19653, 0.19653, 0.22492, 0.22492
1.50661, 0.88107, 0.88107, 0.19761, 0.19761, 0.22429, 0.22429
1.51318, 0.88199, 0.88199, 0.19955, 0.19955, 0.22625, 0.22625
1.51976, 0.88778, 0.88778, 0.20073, 0.20073, 0.22610, 0.22610
1.52633, 0.88869, 0.88869, 0.20087, 0.20087, 0.22603, 0.22603
1.53291, 0.88950, 0.88950, 0.20081, 0.20081, 0.22576, 0.22576
1.53948, 0.88972, 0.88972, 0.20082, 0.20082, 0.22571, 0.22571
1.54606, 0.89057, 0.89057, 0.20258, 0.20258, 0.22748, 0.22748
1.55264, 0.89163, 0.89163, 0.20257, 0.20257, 0.22719, 0.22719
1.55921, 0.89126, 0.89126, 0.20224, 0.20224, 0.22691, 0.22691
1.56579, 0.89237, 0.89237, 0.20189, 0.20189, 0.22624, 0.22624
1.57237, 0.89117, 0.89117, 0.20062, 0.20062, 0.22512, 0.22512
1.57895, 0.89182, 0.89182, 0.20202, 0.20202, 0.22652, 0.22652
1.58552, 0.89286, 0.89286, 0.20305, 0.20305, 0.22741, 0.22741
1.59210, 0.89060, 0.89060, 0.20141, 0.20141, 0.22615, 0.22615
1.59868, 0.89195, 0.89195, 0.20171, 0.20171, 0.22614, 0.22614
1.60526, 0.89333, 0.89333, 0.20230, 0.20230, 0.22646, 0.22646
1.61184, 0.89066, 0.89066, 0.20225, 0.20225, 0.22707, 0.22707
1.61842, 0.89174, 0.89174, 0.20281, 0.20281, 0.22743, 0.22743
1.62500, 0.88978, 0.88978, 0.20311, 0.20311, 0.22827, 0.22827
1.63158, 0.89354, 0.89354, 0.20436, 0.20436, 0.22870, 0.22870
1.63816, 0.88891, 0.88891, 0.20235, 0.20235, 0.22764, 0.22764
1.64474, 0.88804, 0.88804, 0.20305, 0.20305, 0.22865, 0.22865
1.67107, 0.88839, 0.88839, 0.20171, 0.20171, 0.22705, 0.22705
1.67766, 0.88652, 0.88652, 0.20198, 0.20198, 0.22784, 0.22784
1.68424, 0.88601, 0.88601, 0.20119, 0.20119, 0.22708, 0.22708
1.69082, 0.88491, 0.88491, 0.20193, 0.20193, 0.22819, 0.22819
1.69741, 0.88590, 0.88590, 0.20215, 0.20215, 0.22818, 0.22818
1.70399, 0.88548, 0.88548, 0.20321, 0.20321, 0.22949, 0.22949
1.71058, 0.88384, 0.88384, 0.20255, 0.20255, 0.22917, 0.22917
1.71716, 0.88193, 0.88193, 0.20215, 0.20215, 0.22921, 0.22921
1.72375, 0.88199, 0.88199, 0.20221, 0.20221, 0.22927, 0.22927
1.73033, 0.88194, 0.88194, 0.20207, 0.20207, 0.22912, 0.22912
1.73692, 0.88027, 0.88027, 0.20161, 0.20161, 0.22903, 0.22903
1.74351, 0.88055, 0.88055, 0.20187, 0.20187, 0.22926, 0.22926
1.75009, 0.88171, 0.88171, 0.20218, 0.20218, 0.22930, 0.22930
1.75668, 0.87921, 0.87921, 0.20165, 0.20165, 0.22935, 0.22935
1.76327, 0.87797, 0.87797, 0.20130, 0.20130, 0.22928, 0.22928
1.76985, 0.87766, 0.87766, 0.20112, 0.20112, 0.22916, 0.22916
1.77644, 0.87630, 0.87630, 0.20082, 0.20082, 0.22917, 0.22917
1.78303, 0.87361, 0.87361, 0.20005, 0.20005, 0.22900, 0.22900
1.78962, 0.87243, 0.87243, 0.20016, 0.20016, 0.22942, 0.22942
1.79621, 0.87365, 0.87365, 0.20014, 0.20014, 0.22909, 0.22909
1.80280, 0.87370, 0.87370, 0.20033, 0.20033, 0.22929, 0.22929
1.80939, 0.87067, 0.87067, 0.19973, 0.19973, 0.22939, 0.22939
1.81598, 0.86363, 0.86363, 0.19850, 0.19850, 0.22984, 0.22984
1.82257, 0.86044, 0.86044, 0.19777, 0.19777, 0.22985, 0.22985
1.82916, 0.86117, 0.86117, 0.19786, 0.19786, 0.22975, 0.22975
1.83575, 0.86920, 0.86920, 0.19938, 0.19938, 0.22939, 0.22939
1.84234, 0.86998, 0.86998, 0.19950, 0.19950, 0.22932, 0.22932
1.84893, 0.87294, 0.87294, 0.20003, 0.20003, 0.22914, 0.22914
1.85552, 0.87424, 0.87424, 0.20028, 0.20028, 0.22909, 0.22909
1.86212, 0.87410, 0.87410, 0.20011, 0.20011, 0.22894, 0.22894
1.86871, 0.87543, 0.87543, 0.20022, 0.20022, 0.22871, 0.22871
1.87530, 0.87606, 0.87606, 0.20066, 0.20066, 0.22904, 0.22904
1.88190, 0.87487, 0.87487, 0.20019, 0.20019, 0.22883, 0.22883
1.88849, 0.87544, 0.87544, 0.19911, 0.19911, 0.22744, 0.22744
1.89508, 0.87469, 0.87469, 0.19822, 0.19822, 0.22661, 0.22661
1.90168, 0.87501, 0.87501, 0.19738, 0.19738, 0.22557, 0.22557
1.90827, 0.87361, 0.87361, 0.19618, 0.19618, 0.22456, 0.22456
1.91487, 0.87432, 0.87432, 0.19546, 0.19546, 0.22355, 0.22355
1.92146, 0.87302, 0.87302, 0.19494, 0.19494, 0.22330, 0.22330
1.92806, 0.87288, 0.87288, 0.19439, 0.19439, 0.22270, 0.22270
1.93465, 0.87476, 0.87476, 0.19379, 0.19379, 0.22154, 0.22154
1.94125, 0.87193, 0.87193, 0.19201, 0.19201, 0.22021, 0.22021
1.94785, 0.87352, 0.87352, 0.19061, 0.19061, 0.21821, 0.21821
1.95444, 0.87140, 0.87140, 0.19025, 0.19025, 0.21832, 0.21832
1.96104, 0.87039, 0.87039, 0.19287, 0.19287, 0.22159, 0.22159
1.96764, 0.86920, 0.86920, 0.19337, 0.19337, 0.22247, 0.22247
1.97424, 0.86821, 0.86821, 0.19345, 0.19345, 0.22281, 0.22281
1.98084, 0.86643, 0.86643, 0.19213, 0.19213, 0.22175, 0.22175
1.98743, 0.86811, 0.86811, 0.19106, 0.19106, 0.22009, 0.22009
1.99403, 0.86507, 0.86507, 0.19002, 0.19002, 0.21966, 0.21966
2.00063, 0.86682, 0.86682, 0.19006, 0.19006, 0.21926, 0.21926
2.00723, 0.86816, 0.86816, 0.19440, 0.19440, 0.22392, 0.22392
2.01383, 0.86656, 0.86656, 0.19452, 0.19452, 0.22448, 0.22448
2.02043, 0.86659, 0.86659, 0.19330, 0.19330, 0.22306, 0.22306
2.02703, 0.86675, 0.86675, 0.19163, 0.19163, 0.22109, 0.22109
2.03363, 0.86945, 0.86945, 0.19118, 0.19118, 0.21988, 0.21988
2.04024, 0.86770, 0.86770, 0.18988, 0.18988, 0.21882, 0.21882
2.04684, 0.86875, 0.86875, 0.18883, 0.18883, 0.21735, 0.21735
2.05344, 0.87036, 0.87036, 0.18903, 0.18903, 0.21718, 0.21718
2.06004, 0.86972, 0.86972, 0.18998, 0.18998, 0.21843, 0.21843
2.06664, 0.87045, 0.87045, 0.19006, 0.19006, 0.21835, 0.21835
2.07325, 0.87068, 0.87068, 0.19000, 0.19000, 0.21822, 0.21822
2.07985, 0.87397, 0.87397, 0.19029, 0.19029, 0.21774, 0.21774
2.08645, 0.87071, 0.87071, 0.18922, 0.18922, 0.21731, 0.21731
2.09306, 0.86935, 0.86935, 0.18931, 0.18931, 0.21776, 0.21776
2.09966, 0.86793, 0.86793, 0.18886, 0.18886, 0.21760, 0.21760
2.10627, 0.86955, 0.86955, 0.18895, 0.18895, 0.21729, 0.21729
2.11287, 0.86654, 0.86654, 0.18799, 0.18799, 0.21694, 0.21694
2.11948, 0.86332, 0.86332, 0.18743, 0.18743, 0.21710, 0.21710
2.12608, 0.85812, 0.85812, 0.18565, 0.18565, 0.21634, 0.21634
2.13269, 0.85381, 0.85381, 0.18442, 0.18442, 0.21600, 0.21600
2.13930, 0.84855, 0.84855, 0.18394, 0.18394, 0.21677, 0.21677
2.14590, 0.84563, 0.84563, 0.18316, 0.18316, 0.21659, 0.21659
2.15251, 0.84085, 0.84085, 0.18315, 0.18315, 0.21782, 0.21782
2.15912, 0.84050, 0.84050, 0.18328, 0.18328, 0.21806, 0.21806
2.16572, 0.83782, 0.83782, 0.18324, 0.18324, 0.21871, 0.21871
2.17233, 0.83364, 0.83364, 0.18269, 0.18269, 0.21915, 0.21915
2.17894, 0.83049, 0.83049, 0.18181, 0.18181, 0.21892, 0.21892
2.18555, 0.82430, 0.82430, 0.18111, 0.18111, 0.21971, 0.21971
2.19216, 0.82848, 0.82848, 0.18146, 0.18146, 0.21902, 0.21902
2.19877, 0.83183, 0.83183, 0.18159, 0.18159, 0.21830, 0.21830
2.20538, 0.83264, 0.83264, 0.18204, 0.18204, 0.21863, 0.21863
2.21199, 0.82686, 0.82686, 0.18067, 0.18067, 0.21850, 0.21850
2.21860, 0.81891, 0.81891, 0.17856, 0.17856, 0.21805, 0.21805
2.22521, 0.79378, 0.79378, 0.17333, 0.17333, 0.21835, 0.21835
2.23182, 0.78265, 0.78265, 0.17042, 0.17042, 0.21774, 0.21774
2.23843, 0.78535, 0.78535, 0.17086, 0.17086, 0.21756, 0.21756
2.24504, 0.80767, 0.80767, 0.17613, 0.17613, 0.21807, 0.21807
2.25165, 0.82053, 0.82053, 0.17869, 0.17869, 0.21778, 0.21778
2.25827, 0.83655, 0.83655, 0.18177, 0.18177, 0.21729, 0.21729
2.26488, 0.84211, 0.84211, 0.18257, 0.18257, 0.21680, 0.21680
2.27149, 0.84630, 0.84630, 0.18370, 0.18370, 0.21706, 0.21706
2.27810, 0.84753, 0.84753, 0.18379, 0.18379, 0.21685, 0.21685
2.28472, 0.84800, 0.84800, 0.18416, 0.18416, 0.21717, 0.21717
2.29133, 0.84834, 0.84834, 0.18440, 0.18440, 0.21737, 0.21737
2.29795, 0.84616, 0.84616, 0.18396, 0.18396, 0.21740, 0.21740
2.30456, 0.84585, 0.84585, 0.18351, 0.18351, 0.21695, 0.21695
2.31118, 0.84424, 0.84424, 0.18299, 0.18299, 0.21675, 0.21675
2.31779, 0.84274, 0.84274, 0.18219, 0.18219, 0.21619, 0.21619
2.32441, 0.83706, 0.83706, 0.18077, 0.18077, 0.21596, 0.21596
2.33102, 0.83561, 0.83561, 0.18005, 0.18005, 0.21547, 0.21547
2.33764, 0.82943, 0.82943, 0.17847, 0.17847, 0.21517, 0.21517
2.34426, 0.82724, 0.82724, 0.17778, 0.17778, 0.21491, 0.21491
2.35087, 0.82267, 0.82267, 0.17639, 0.17639, 0.21441, 0.21441
2.35749, 0.82090, 0.82090, 0.17563, 0.17563, 0.21395, 0.21395
2.36411, 0.82222, 0.82222, 0.17574, 0.17574, 0.21373, 0.21373
2.37072, 0.82311, 0.82311, 0.17511, 0.17511, 0.21275, 0.21275
2.37734, 0.82429, 0.82429, 0.17471, 0.17471, 0.21196, 0.21196
2.38396, 0.82833, 0.82833, 0.17384, 0.17384, 0.20987, 0.20987
2.39058, 0.83085, 0.83085, 0.17370, 0.17370, 0.20906, 0.20906
2.39720, 0.83323, 0.83323, 0.17369, 0.17369, 0.20846, 0.20846
2.40382, 0.83417, 0.83417, 0.17373, 0.17373, 0.20826, 0.20826
2.41044, 0.83545, 0.83545, 0.17447, 0.17447, 0.20884, 0.20884
2.41706, 0.83192, 0.83192, 0.17426, 0.17426, 0.20947, 0.20947
2.42368, 0.82833, 0.82833, 0.17344, 0.17344, 0.20938, 0.20938
2.43030, 0.82694, 0.82694, 0.17338, 0.17338, 0.20967, 0.20967
2.43692, 0.82623, 0.82623, 0.17297, 0.17297, 0.20935, 0.20935
2.44354, 0.82421, 0.82421, 0.17271, 0.17271, 0.20954, 0.20954
2.45017, 0.82388, 0.82388, 0.17245, 0.17245, 0.20931, 0.20931
2.45679, 0.82110, 0.82110, 0.17149, 0.17149, 0.20885, 0.20885
2.46341, 0.81912, 0.81912, 0.17124, 0.17124, 0.20906, 0.20906
2.47003, 0.81636, 0.81636, 0.16998, 0.16998, 0.20822, 0.20822
2.47666, 0.81075, 0.81075, 0.16833, 0.16833, 0.20762, 0.20762
2.48328, 0.80794, 0.80794, 0.16697, 0.16697, 0.20666, 0.20666
2.48990, 0.80592, 0.80592, 0.16653, 0.16653, 0.20664, 0.20664
2.49653, 0.80329, 0.80329, 0.16599, 0.16599, 0.20664, 0.20664
2.50312, 0.80351, 0.80351, 0.16580, 0.16580, 0.20634, 0.20634
2.50972, 0.80043, 0.80043, 0.16494, 0.16494, 0.20607, 0.20607
2.51632, 0.80053, 0.80053, 0.16425, 0.16425, 0.20517, 0.20517
2.52292, 0.79712, 0.79712, 0.16337, 0.16337, 0.20495, 0.20495
2.52951, 0.79570, 0.79570, 0.16251, 0.16251, 0.20424, 0.20424
2.53611, 0.79343, 0.79343, 0.16177, 0.16177, 0.20389, 0.20389
2.54271, 0.79246, 0.79246, 0.16132, 0.16132, 0.20357, 0.20357
2.54931, 0.79193, 0.79193, 0.15994, 0.15994, 0.20197, 0.20197
2.55591, 0.78845, 0.78845, 0.15916, 0.15916, 0.20187, 0.20187
2.56251, 0.78342, 0.78342, 0.15833, 0.15833, 0.20211, 0.20211
2.56911, 0.78158, 0.78158, 0.15706, 0.15706, 0.20096, 0.20096
2.57571, 0.77866, 0.77866, 0.15617, 0.15617, 0.20056, 0.20056
2.58231, 0.77468, 0.77468, 0.15525, 0.15525, 0.20040, 0.20040
2.58891, 0.77203, 0.77203, 0.15454, 0.15454, 0.20017, 0.20017
2.59551, 0.77146, 0.77146, 0.15382, 0.15382, 0.19939, 0.19939
2.60212, 0.76829, 0.76829, 0.15198, 0.15198, 0.19782, 0.19782
2.60872, 0.76923, 0.76923, 0.15235, 0.15235, 0.19806, 0.19806
2.61532, 0.77105, 0.77105, 0.15202, 0.15202, 0.19716, 0.19716
2.62192, 0.77673, 0.77673, 0.15344, 0.15344, 0.19755, 0.19755
2.62853, 0.77964, 0.77964, 0.15309, 0.15309, 0.19636, 0.19636
2.63513, 0.78598, 0.78598, 0.15371, 0.15371, 0.19557, 0.19557
2.64174, 0.78842, 0.78842, 0.15255, 0.15255, 0.19349, 0.19349
2.64834, 0.79117, 0.79117, 0.15064, 0.15064, 0.19041, 0.19041
2.65495, 0.78972, 0.78972, 0.14754, 0.14754, 0.18683, 0.18683
2.84004, 0.95112, 0.95112, 0.05866, 0.05866, 0.06167, 0.06167
2.84666, 0.95149, 0.95149, 0.05766, 0.05766, 0.06060, 0.06060
2.85328, 0.94603, 0.94603, 0.05630, 0.05630, 0.05951, 0.05951
2.85989, 0.93986, 0.93986, 0.05526, 0.05526, 0.05879, 0.05879
2.86651, 0.93123, 0.93123, 0.05399, 0.05399, 0.05798, 0.05798
2.87313, 0.92692, 0.92692, 0.05279, 0.05279, 0.05696, 0.05696
2.87975, 0.92856, 0.92856, 0.05248, 0.05248, 0.05652, 0.05652
2.88636, 0.93079, 0.93079, 0.05212, 0.05212, 0.05599, 0.05599
2.89298, 0.93435, 0.93435, 0.05164, 0.05164, 0.05527, 0.05527
2.89960, 0.93874, 0.93874, 0.05064, 0.05064, 0.05394, 0.05394
2.90622, 0.94722, 0.94722, 0.04929, 0.04929, 0.05204, 0.05204
2.91284, 0.95537, 0.95537, 0.04841, 0.04841, 0.05067, 0.05067
2.91946, 0.96194, 0.96194, 0.04753, 0.04753, 0.04941, 0.04941
2.92608, 0.96588, 0.96588, 0.04671, 0.04671, 0.04836, 0.04836
2.93270, 0.96806, 0.96806, 0.04614, 0.04614, 0.04767, 0.04767
2.93932, 0.97167, 0.97167, 0.04573, 0.04573, 0.04707, 0.04707
2.94595, 0.97006, 0.97006, 0.04589, 0.04589, 0.04730, 0.04730
2.95257, 0.96488, 0.96488, 0.04594, 0.04594, 0.04761, 0.04761
2.95919, 0.96821, 0.96821, 0.04612, 0.04612, 0.04764, 0.04764
2.96581, 0.96819, 0.96819, 0.04634, 0.04634, 0.04787, 0.04787
2.97244, 0.96597, 0.96597, 0.04652, 0.04652, 0.04816, 0.04816
2.97906, 0.96763, 0.96763, 0.04656, 0.04656, 0.04812, 0.04812
2.98568, 0.97189, 0.97189, 0.04678, 0.04678, 0.04813, 0.04813
2.99231, 0.97581, 0.97581, 0.04712, 0.04712, 0.04829, 0.04829
2.99893, 0.97712, 0.97712, 0.04730, 0.04730, 0.04841, 0.04841
3.00556, 0.98253, 0.98253, 0.04792, 0.04792, 0.04877, 0.04877
3.01218, 0.98008, 0.98008, 0.04841, 0.04841, 0.04939, 0.04939
3.01881, 0.98091, 0.98091, 0.04873, 0.04873, 0.04968, 0.04968
3.02544, 0.96932, 0.96932, 0.04883, 0.04883, 0.05037, 0.05037
3.03206, 0.95436, 0.95436, 0.04846, 0.04846, 0.05078, 0.05078
3.03869, 0.94128, 0.94128, 0.04855, 0.04855, 0.05157, 0.05157
3.04532, 0.93925, 0.93925, 0.04908, 0.04908, 0.05226, 0.05226
3.05195, 0.94053, 0.94053, 0.04904, 0.04904, 0.05214, 0.05214
3.05857, 0.94936, 0.94936, 0.04914, 0.04914, 0.05176, 0.05176
3.06520, 0.95341, 0.95341, 0.04921, 0.04921, 0.05161, 0.05161
3.07183, 0.95418, 0.95418, 0.04914, 0.04914, 0.05150, 0.05150
3.07846, 0.95158, 0.95158, 0.04922, 0.04922, 0.05173, 0.05173
3.08509, 0.94772, 0.94772, 0.04960, 0.04960, 0.05233, 0.05233
3.09172, 0.95543, 0.95543, 0.04987, 0.04987, 0.05220, 0.05220
3.09835, 0.96098, 0.96098, 0.05009, 0.05009, 0.05212, 0.05212
3.10498, 0.96539, 0.96539, 0.05022, 0.05022, 0.05202, 0.05202
3.11161, 0.96104, 0.96104, 0.05002, 0.05002, 0.05204, 0.05204
3.11825, 0.95797, 0.95797, 0.04949, 0.04949, 0.05166, 0.05166
3.12488, 0.95233, 0.95233, 0.04877, 0.04877, 0.05121, 0.05121
3.13151, 0.94390, 0.94390, 0.04790, 0.04790, 0.05074, 0.05074
3.13814, 0.93676, 0.93676, 0.04720, 0.04720, 0.05038, 0.05038
3.14478, 0.93286, 0.93286, 0.04693, 0.04693, 0.05030, 0.05030
3.15141, 0.93362, 0.93362, 0.04709, 0.04709, 0.05044, 0.05044
3.15804, 0.92906, 0.92906, 0.04782, 0.04782, 0.05147, 0.05147
3.16468, 0.92688, 0.92688, 0.04902, 0.04902, 0.05289, 0.05289
3.17131, 0.92615, 0.92615, 0.05027, 0.05027, 0.05428, 0.05428
3.17795, 0.92218, 0.92218, 0.05137, 0.05137, 0.05570, 0.05570
3.18458, 0.92060, 0.92060, 0.05265, 0.05265, 0.05719, 0.05719
3.19122, 0.91979, 0.91979, 0.05405, 0.05405, 0.05876, 0.05876
3.19785, 0.91979, 0.91979, 0.05557, 0.05557, 0.06042, 0.06042
3.20449, 0.91831, 0.91831, 0.05718, 0.05718, 0.06227, 0.06227
3.21113, 0.91775, 0.91775, 0.05840, 0.05840, 0.06364, 0.06364
3.21776, 0.91638, 0.91638, 0.05976, 0.05976, 0.06521, 0.06521
3.22440, 0.91531, 0.91531, 0.06125, 0.06125, 0.06692, 0.06692
3.23104, 0.91477, 0.91477, 0.06267, 0.06267, 0.06851, 0.06851
3.23768, 0.91214, 0.91214, 0.06390, 0.06390, 0.07006, 0.07006
3.24432, 0.91032, 0.91032, 0.06508, 0.06508, 0.07149, 0.07149
3.25096, 0.91096, 0.91096, 0.06637, 0.06637, 0.07286, 0.07286
3.25760, 0.90816, 0.90816, 0.06739, 0.06739, 0.07420, 0.07420
3.26424, 0.90543, 0.90543, 0.06790, 0.06790, 0.07499, 0.07499
3.27088, 0.90570, 0.90570, 0.06894, 0.06894, 0.07612, 0.07612
3.27752, 0.90540, 0.90540, 0.07031, 0.07031, 0.07766, 0.07766
3.28416, 0.90334, 0.90334, 0.07256, 0.07256, 0.08032, 0.08032
3.29080, 0.89913, 0.89913, 0.07490, 0.07490, 0.08331, 0.08331
3.29744, 0.89545, 0.89545, 0.07738, 0.07738, 0.08641, 0.08641
3.30408, 0.89504, 0.89504, 0.07951, 0.07951, 0.08883, 0.08883
3.31073, 0.89658, 0.89658, 0.08231, 0.08231, 0.09181, 0.09181
3.31737, 0.89719, 0.89719, 0.08463, 0.08463, 0.09432, 0.09432
3.32401, 0.89774, 0.89774, 0.08647, 0.08647, 0.09632, 0.09632
3.33066, 0.89737, 0.89737, 0.08829, 0.08829, 0.09839, 0.09839
3.33730, 0.89874, 0.89874, 0.09045, 0.09045, 0.10064, 0.10064
3.34395, 0.90036, 0.90036, 0.09274, 0.09274, 0.10300, 0.10300
3.35059, 0.90167, 0.90167, 0.09496, 0.09496, 0.10532, 0.10532
3.35724, 0.90179, 0.90179, 0.09698, 0.09698, 0.10754, 0.10754
3.36388, 0.89862, 0.89862, 0.09940, 0.09940, 0.11062, 0.11062
3.37053, 0.89824, 0.89824, 0.10221, 0.10221, 0.11379, 0.11379
3.37717, 0.89700, 0.89700, 0.10463, 0.10463, 0.11664, 0.11664
3.38382, 0.89746, 0.89746, 0.10703, 0.10703, 0.11926, 0.11926
3.39047, 0.89782, 0.89782, 0.10903, 0.10903, 0.12144, 0.12144
3.39712, 0.89620, 0.89620, 0.11087, 0.11087, 0.12371, 0.12371
3.40376, 0.89570, 0.89570, 0.11300, 0.11300, 0.12616, 0.12616
3.41041, 0.89286, 0.89286, 0.11524, 0.11524, 0.12907, 0.12907
3.41706, 0.89038, 0.89038, 0.11710, 0.11710, 0.13152, 0.13152
3.42371, 0.88981, 0.88981, 0.11941, 0.11941, 0.13420, 0.13420
3.43036, 0.88998, 0.88998, 0.12208, 0.12208, 0.13717, 0.13717
3.43701, 0.88952, 0.88952, 0.12409, 0.12409, 0.13950, 0.13950
3.44366, 0.88997, 0.88997, 0.12607, 0.12607, 0.14165, 0.14165
3.45031, 0.89005, 0.89005, 0.12772, 0.12772, 0.14349, 0.14349
3.45696, 0.88944, 0.88944, 0.12982, 0.12982, 0.14596, 0.14596
3.46361, 0.88752, 0.88752, 0.13177, 0.13177, 0.14847, 0.14847
3.47026, 0.88807, 0.88807, 0.13394, 0.13394, 0.15082, 0.15082
3.47692, 0.88834, 0.88834, 0.13612, 0.13612, 0.15322, 0.15322
3.48357, 0.88731, 0.88731, 0.13869, 0.13869, 0.15630, 0.15630
3.49022, 0.88592, 0.88592, 0.14067, 0.14067, 0.15878, 0.15878
3.49687, 0.88602, 0.88602, 0.14266, 0.14266, 0.16101, 0.16101
3.50353, 0.88651, 0.88651, 0.14565, 0.14565, 0.16429, 0.16429
3.51018, 0.88766, 0.88766, 0.14859, 0.14859, 0.16739, 0.16739
3.51684, 0.88912, 0.88912, 0.15168, 0.15168, 0.17059, 0.17059
3.52349, 0.89081, 0.89081, 0.15522, 0.15522, 0.17425, 0.17425
3.53015, 0.88944, 0.88944, 0.15952, 0.15952, 0.17934, 0.17934
3.53680, 0.88599, 0.88599, 0.16290, 0.16290, 0.18386, 0.18386
3.54346, 0.88235, 0.88235, 0.16519, 0.16519, 0.18722, 0.18722
3.55011, 0.88050, 0.88050, 0.16810, 0.16810, 0.19092, 0.19092
3.55677, 0.88016, 0.88016, 0.17245, 0.17245, 0.19593, 0.19593
3.56343, 0.88265, 0.88265, 0.17604, 0.17604, 0.19944, 0.19944
3.57008, 0.88392, 0.88392, 0.17771, 0.17771, 0.20105, 0.20105
3.57674, 0.88417, 0.88417, 0.18029, 0.18029, 0.20390, 0.20390
3.58340, 0.88347, 0.88347, 0.18362, 0.18362, 0.20784, 0.20784
3.59006, 0.88188, 0.88188, 0.18600, 0.18600, 0.21091, 0.21091
3.59672, 0.88101, 0.88101, 0.18743, 0.18743, 0.21274, 0.21274
3.60338, 0.88430, 0.88430, 0.18964, 0.18964, 0.21445, 0.21445
3.61004, 0.88871, 0.88871, 0.19300, 0.19300, 0.21717, 0.21717
3.61670, 0.88743, 0.88743, 0.19414, 0.19414, 0.21877, 0.21877
3.62336, 0.88369, 0.88369, 0.19395, 0.19395, 0.21948, 0.21948
3.63002, 0.88139, 0.88139, 0.19568, 0.19568, 0.22201, 0.22201
3.63668, 0.87985, 0.87985, 0.19913, 0.19913, 0.22632, 0.22632
3.64334, 0.87879, 0.87879, 0.20131, 0.20131, 0.22907, 0.22907
3.65000, 0.87896, 0.87896, 0.20220, 0.20220, 0.23004, 0.23004
3.65667, 0.87964, 0.87964, 0.20423, 0.20423, 0.23217, 0.23217
3.66333, 0.87997, 0.87997, 0.20761, 0.20761, 0.23593, 0.23593
3.66999, 0.88019, 0.88019, 0.20915, 0.20915, 0.23761, 0.23761
3.67665, 0.88038, 0.88038, 0.20935, 0.20935, 0.23780, 0.23780
3.68332, 0.88174, 0.88174, 0.21098, 0.21098, 0.23928, 0.23928
3.68998, 0.88356, 0.88356, 0.21538, 0.21538, 0.24376, 0.24376
3.69665, 0.88401, 0.88401, 0.21871, 0.21871, 0.24741, 0.24741
3.70331, 0.88227, 0.88227, 0.21904, 0.21904, 0.24826, 0.24826
3.70998, 0.88156, 0.88156, 0.21926, 0.21926, 0.24871, 0.24871
3.71664, 0.88143, 0.88143, 0.22217, 0.22217, 0.25205, 0.25205
3.72331, 0.88235, 0.88235, 0.22482, 0.22482, 0.25480, 0.25480
3.72998, 0.88274, 0.88274, 0.22540, 0.22540, 0.25534, 0.25534
3.73664, 0.88287, 0.88287, 0.22528, 0.22528, 0.25516, 0.25516
3.74331, 0.88347, 0.88347, 0.22847, 0.22847, 0.25860, 0.25860
3.74998, 0.88670, 0.88670, 0.23201, 0.23201, 0.26165, 0.26165
3.75665, 0.88887, 0.88887, 0.23302, 0.23302, 0.26215, 0.26215
3.76331, 0.89169, 0.89169, 0.23216, 0.23216, 0.26037, 0.26037
3.76998, 0.89024, 0.89024, 0.23350, 0.23350, 0.26229, 0.26229
3.77665, 0.88652, 0.88652, 0.23674, 0.23674, 0.26704, 0.26704
3.78332, 0.88675, 0.88675, 0.23912, 0.23912, 0.26966, 0.26966
3.78999, 0.89047, 0.89047, 0.23964, 0.23964, 0.26912, 0.26912
3.79666, 0.89336, 0.89336, 0.24058, 0.24058, 0.26929, 0.26929
3.80333, 0.89365, 0.89365, 0.24373, 0.24373, 0.27273, 0.27273
3.81000, 0.89502, 0.89502, 0.24654, 0.24654, 0.27546, 0.27546
3.81667, 0.89503, 0.89503, 0.24694, 0.24694, 0.27590, 0.27590
3.82335, 0.89407, 0.89407, 0.24582, 0.24582, 0.27494, 0.27494
3.83002, 0.89489, 0.89489, 0.24816, 0.24816, 0.27731, 0.27731
3.83669, 0.89823, 0.89823, 0.25312, 0.25312, 0.28179, 0.28179
3.84336, 0.89859, 0.89859, 0.25588, 0.25588, 0.28476, 0.28476
3.85004, 0.89996, 0.89996, 0.25386, 0.25386, 0.28208, 0.28208
3.85671, 0.89825, 0.89825, 0.25239, 0.25239, 0.28098, 0.28098
3.86339, 0.89913, 0.89913, 0.25436, 0.25436, 0.28289, 0.28289
3.87006, 0.90328, 0.90328, 0.26032, 0.26032, 0.28819, 0.28819
3.87673, 0.89986, 0.89986, 0.26069, 0.26069, 0.28970, 0.28970
3.88341, 0.89930, 0.89930, 0.25995, 0.25995, 0.28906, 0.28906
3.89008, 0.89747, 0.89747, 0.25852, 0.25852, 0.28806, 0.28806
3.89676, 0.90072, 0.90072, 0.26385, 0.26385, 0.29293, 0.29293
