0.43613, 1.10062, 1.10062, 0.05681, 0.05681, 0.05161, 0.05161
0.44263, 1.09153, 1.09153, 0.05726, 0.05726, 0.05246, 0.05246
0.44914, 1.10298, 1.10298, 0.05905, 0.05905, 0.05354, 0.05354
0.45564, 1.09026, 1.09026, 0.06154, 0.06154, 0.05644, 0.05644
0.46215, 1.08551, 1.08551, 0.06191, 0.06191, 0.05704, 0.05704
0.46865, 1.07873, 1.07873, 0.06448, 0.06448, 0.05977, 0.05977
0.47516, 1.08368, 1.08368, 0.06722, 0.06722, 0.06203, 0.06203
0.48167, 1.07253, 1.07253, 0.06926, 0.06926, 0.06457, 0.06457
0.48817, 1.06603, 1.06603, 0.07014, 0.07014, 0.06580, 0.06580
0.49468, 1.05907, 1.05907, 0.07454, 0.07454, 0.07039, 0.07039
0.50119, 1.05793, 1.05793, 0.07660, 0.07660, 0.07241, 0.07241
0.50770, 1.04644, 1.04644, 0.07891, 0.07891, 0.07541, 0.07541
0.51421, 1.04362, 1.04362, 0.08059, 0.08059, 0.07723, 0.07723
0.52072, 1.04374, 1.04374, 0.08371, 0.08371, 0.08021, 0.08021
0.52723, 1.03654, 1.03654, 0.08638, 0.08638, 0.08333, 0.08333
0.53374, 1.02889, 1.02889, 0.09083, 0.09083, 0.08828, 0.08828
0.54025, 1.02313, 1.02313, 0.09294, 0.09294, 0.09083, 0.09083
0.54676, 1.01478, 1.01478, 0.09544, 0.09544, 0.09405, 0.09405
0.55327, 1.00811, 1.00811, 0.10075, 0.10075, 0.09994, 0.09994
0.55978, 1.00585, 1.00585, 0.10665, 0.10665, 0.10603, 0.10603
0.56629, 1.00610, 1.00610, 0.11030, 0.11030, 0.10963, 0.10963
0.57281, 1.00176, 1.00176, 0.11604, 0.11604, 0.11584, 0.11584
0.57932, 1.00002, 1.00002, 0.12165, 0.12165, 0.12164, 0.12164
0.58583, 0.99045, 0.99045, 0.12680, 0.12680, 0.12802, 0.12802
0.59235, 0.98383, 0.98383, 0.13094, 0.13094, 0.13309, 0.13309
0.59886, 0.98311, 0.98311, 0.13434, 0.13434, 0.13665, 0.13665
0.60538, 0.97967, 0.97967, 0.13639, 0.13639, 0.13922, 0.13922
0.61189, 0.97525, 0.97525, 0.14148, 0.14148, 0.14507, 0.14507
0.61841, 0.96912, 0.96912, 0.14174, 0.14174, 0.14626, 0.14626
0.62492, 0.96876, 0.96876, 0.14590, 0.14590, 0.15061, 0.15061
0.63144, 0.96716, 0.96716, 0.14623, 0.14623, 0.15120, 0.15120
0.70968, 0.94973, 0.94973, 0.15951, 0.15951, 0.16795, 0.16795
0.71620, 0.95001, 0.95001, 0.15975, 0.15975, 0.16816, 0.16816
0.72272, 0.94369, 0.94369, 0.16114, 0.16114, 0.17076, 0.17076
0.72925, 0.93828, 0.94035, 0.16008, 0.16216, 0.17061, 0.17245
0.73577, 0.93963, 0.94179, 0.15808, 0.16022, 0.16824, 0.17012
0.74230, 0.94026, 0.94252, 0.15678, 0.15898, 0.16674, 0.16868
0.74882, 0.94354, 0.94590, 0.15676, 0.15906, 0.16614, 0.16815
0.75535, 0.94361, 0.94606, 0.15761, 0.16002, 0.16703, 0.16914
0.76187, 0.94339, 0.94594, 0.15792, 0.16043, 0.16740, 0.16960
0.76840, 0.94229, 0.94494, 0.15678, 0.15937, 0.16638, 0.16866
0.77492, 0.94406, 0.94683, 0.15786, 0.16058, 0.16722, 0.16960
0.78145, 0.94248, 0.94535, 0.15628, 0.15908, 0.16582, 0.16827
0.78798, 0.94099, 0.94396, 0.15645, 0.15936, 0.16626, 0.16881
0.79451, 0.94221, 0.94531, 0.15503, 0.15802, 0.16453, 0.16716
0.80104, 0.94267, 0.94589, 0.15475, 0.15785, 0.16416, 0.16688
0.80756, 0.94421, 0.94756, 0.15453, 0.15775, 0.16365, 0.16647
0.81409, 0.94240, 0.94587, 0.15512, 0.15847, 0.16460, 0.16754
0.82062, 0.94055, 0.94415, 0.15423, 0.15770, 0.16398, 0.16702
0.82715, 0.94156, 0.94529, 0.15367, 0.15725, 0.16321, 0.16635
0.83368, 0.94204, 0.94591, 0.15303, 0.15672, 0.16244, 0.16569
0.84022, 0.94077, 0.94478, 0.15310, 0.15693, 0.16274, 0.16611
0.84675, 0.94161, 0.94577, 0.15161, 0.15555, 0.16101, 0.16446
0.85328, 0.94435, 0.94867, 0.15038, 0.15443, 0.15925, 0.16278
0.85981, 0.94536, 0.94984, 0.15041, 0.15460, 0.15910, 0.16277
0.86634, 0.94105, 0.94568, 0.15080, 0.15515, 0.16024, 0.16406
0.87288, 0.94319, 0.94798, 0.14902, 0.15348, 0.15800, 0.16190
0.87941, 0.94091, 0.94586, 0.14676, 0.15130, 0.15598, 0.15996
0.88595, 0.94382, 0.94897, 0.14671, 0.15141, 0.15544, 0.15955
0.89248, 0.94430, 0.94962, 0.14817, 0.15308, 0.15691, 0.16120
0.89902, 0.94303, 0.94853, 0.14591, 0.15091, 0.15473, 0.15910
0.90555, 0.94347, 0.94916, 0.14513, 0.15027, 0.15383, 0.15832
0.91209, 0.94373, 0.94961, 0.14379, 0.14905, 0.15236, 0.15696
0.91862, 0.94151, 0.94758, 0.14420, 0.14966, 0.15316, 0.15794
0.92516, 0.94297, 0.94925, 0.14323, 0.14884, 0.15190, 0.15680
0.93170, 0.94447, 0.95097, 0.14198, 0.14772, 0.15032, 0.15533
0.93824, 0.94073, 0.94742, 0.14159, 0.14751, 0.15051, 0.15569
0.94477, 0.94181, 0.94873, 0.14194, 0.14806, 0.15070, 0.15606
0.95131, 0.94355, 0.95070, 0.14228, 0.14862, 0.15080, 0.15633
0.95785, 0.94453, 0.95192, 0.14144, 0.14795, 0.14975, 0.15542
0.96439, 0.94237, 0.94998, 0.14187, 0.14860, 0.15054, 0.15642
0.97093, 0.94534, 0.95322, 0.14034, 0.14721, 0.14845, 0.15444
0.97747, 0.94803, 0.95618, 0.14004, 0.14711, 0.14771, 0.15386
0.98401, 0.94718, 0.95559, 0.13718, 0.14434, 0.14483, 0.15104
0.99055, 0.94597, 0.95463, 0.13777, 0.14518, 0.14564, 0.15208
0.99710, 0.95336, 0.96236, 0.13867, 0.14636, 0.14546, 0.15209
1.00364, 0.94750, 0.95672, 0.13835, 0.14626, 0.14602, 0.15288
1.01018, 0.95163, 0.96118, 0.13912, 0.14732, 0.14619, 0.15327
1.04720, 0.94696, 0.94696, 0.13954, 0.13954, 0.14735, 0.14735
1.05375, 0.94909, 0.94909, 0.14086, 0.14086, 0.14841, 0.14841
1.06030, 0.94696, 0.94696, 0.13967, 0.13967, 0.14749, 0.14749
1.06685, 0.94223, 0.94223, 0.13979, 0.13979, 0.14836, 0.14836
1.07341, 0.94027, 0.94027, 0.14118, 0.14118, 0.15014, 0.15014
1.07996, 0.94333, 0.94333, 0.14085, 0.14085, 0.14931, 0.14931
1.08651, 0.94794, 0.94794, 0.14197, 0.14197, 0.14977, 0.14977
1.09307, 0.95122, 0.95122, 0.14225, 0.14225, 0.14954, 0.14954
1.09962, 0.94911, 0.94911, 0.14271, 0.14271, 0.15037, 0.15037
1.10617, 0.94871, 0.94871, 0.14321, 0.14321, 0.15095, 0.15095
1.11273, 0.94840, 0.94840, 0.14386, 0.14386, 0.15169, 0.15169
1.11928, 0.95127, 0.95127, 0.14454, 0.14454, 0.15194, 0.15194
1.12584, 0.95080, 0.95080, 0.14501, 0.14501, 0.15251, 0.15251
1.13239, 0.95622, 0.95622, 0.14539, 0.14539, 0.15205, 0.15205
1.13895, 0.95021, 0.95021, 0.14471, 0.14471, 0.15230, 0.15230
1.14551, 0.95777, 0.95777, 0.14525, 0.14525, 0.15166, 0.15166
1.15206, 0.96146, 0.96146, 0.14574, 0.14574, 0.15158, 0.15158
1.15862, 0.95949, 0.95949, 0.14538, 0.14538, 0.15152, 0.15152
1.16518, 0.96035, 0.96035, 0.14549, 0.14549, 0.15150, 0.15150
1.17173, 0.96142, 0.96142, 0.14555, 0.14555, 0.15139, 0.15139
1.17829, 0.96095, 0.96095, 0.14551, 0.14551, 0.15142, 0.15142
1.18485, 0.96374, 0.96374, 0.14671, 0.14671, 0.15223, 0.15223
1.19141, 0.96361, 0.96361, 0.14709, 0.14709, 0.15264, 0.15264
1.19797, 0.96410, 0.96410, 0.14638, 0.14638, 0.15183, 0.15183
1.20453, 0.96533, 0.96533, 0.14604, 0.14604, 0.15129, 0.15129
1.21109, 0.96720, 0.96720, 0.14625, 0.14625, 0.15121, 0.15121
1.21765, 0.96495, 0.96495, 0.14599, 0.14599, 0.15129, 0.15129
1.22421, 0.96624, 0.96624, 0.14663, 0.14663, 0.15175, 0.15175
1.23077, 0.96912, 0.96912, 0.14787, 0.14787, 0.15258, 0.15258
1.23733, 0.97051, 0.97051, 0.14772, 0.14772, 0.15221, 0.15221
1.24389, 0.97229, 0.97229, 0.14763, 0.14763, 0.15184, 0.15184
1.25045, 0.97479, 0.97479, 0.14835, 0.14835, 0.15219, 0.15219
1.25701, 0.97506, 0.97506, 0.14768, 0.14768, 0.15146, 0.15146
1.26357, 0.98207, 0.98207, 0.14962, 0.14962, 0.15235, 0.15235
1.27014, 0.98137, 0.98137, 0.15141, 0.15141, 0.15429, 0.15429
1.27670, 0.97465, 0.97465, 0.14998, 0.14998, 0.15389, 0.15389
1.28326, 0.98332, 0.98332, 0.14967, 0.14967, 0.15221, 0.15221
1.28983, 0.97631, 0.97631, 0.14957, 0.14957, 0.15320, 0.15320
1.29639, 0.98146, 0.98146, 0.15083, 0.15083, 0.15368, 0.15368
1.30295, 0.97781, 0.97781, 0.15032, 0.15032, 0.15373, 0.15373
1.30952, 0.97819, 0.97819, 0.14975, 0.14975, 0.15309, 0.15309
1.31608, 0.98007, 0.98007, 0.15068, 0.15068, 0.15374, 0.15374
1.32265, 0.98420, 0.98420, 0.15253, 0.15253, 0.15497, 0.15497
1.32921, 0.98572, 0.98572, 0.15147, 0.15147, 0.15367, 0.15367
1.33578, 0.98695, 0.98695, 0.15190, 0.15190, 0.15390, 0.15390
1.34234, 0.98534, 0.98534, 0.15255, 0.15255, 0.15482, 0.15482
1.34891, 0.98317, 0.98317, 0.15356, 0.15356, 0.15618, 0.15618
1.35548, 0.98939, 0.98939, 0.15577, 0.15577, 0.15744, 0.15744
1.36205, 0.98849, 0.98849, 0.15604, 0.15604, 0.15786, 0.15786
1.36861, 0.98742, 0.98742, 0.15490, 0.15490, 0.15687, 0.15687
1.37518, 0.99529, 0.99529, 0.15610, 0.15610, 0.15684, 0.15684
1.38175, 0.99568, 0.99568, 0.15766, 0.15766, 0.15835, 0.15835
1.38832, 0.99513, 0.99513, 0.15605, 0.15605, 0.15681, 0.15681
1.39489, 0.99337, 0.99337, 0.15616, 0.15616, 0.15720, 0.15720
1.40145, 0.99912, 0.99912, 0.15803, 0.15803, 0.15817, 0.15817
1.40802, 0.99637, 0.99637, 0.15872, 0.15872, 0.15930, 0.15930
1.41459, 1.00138, 1.00138, 0.15886, 0.15886, 0.15864, 0.15864
1.42116, 1.00126, 1.00126, 0.15921, 0.15921, 0.15901, 0.15901
1.42773, 1.00468, 1.00468, 0.15861, 0.15861, 0.15787, 0.15787
1.43431, 0.99800, 0.99800, 0.15847, 0.15847, 0.15879, 0.15879
1.44088, 0.99791, 0.99791, 0.15855, 0.15855, 0.15888, 0.15888
1.44745, 1.00233, 1.00233, 0.15990, 0.15990, 0.15953, 0.15953
1.45402, 1.00220, 1.00220, 0.15847, 0.15847, 0.15812, 0.15812
1.46059, 0.99679, 0.99679, 0.15879, 0.15879, 0.15931, 0.15931
1.46716, 1.00977, 1.00977, 0.15998, 0.15998, 0.15843, 0.15843
1.47374, 1.00243, 1.00243, 0.15882, 0.15882, 0.15844, 0.15844
1.48031, 1.00674, 1.00674, 0.15916, 0.15916, 0.15809, 0.15809
1.48688, 1.00772, 1.00772, 0.15733, 0.15733, 0.15612, 0.15612
1.49346, 1.01244, 1.01244, 0.15899, 0.15899, 0.15704, 0.15704
1.50003, 1.01239, 1.01239, 0.15899, 0.15899, 0.15704, 0.15704
1.50661, 1.01379, 1.01379, 0.15744, 0.15744, 0.15530, 0.15530
1.51318, 1.01234, 1.01234, 0.15935, 0.15935, 0.15741, 0.15741
1.51976, 1.00898, 1.00898, 0.15911, 0.15911, 0.15769, 0.15769
1.52633, 1.01416, 1.01416, 0.15971, 0.15971, 0.15749, 0.15749
1.53291, 1.01590, 1.01590, 0.15998, 0.15998, 0.15748, 0.15748
1.53948, 1.01921, 1.01921, 0.15984, 0.15984, 0.15682, 0.15682
1.54606, 1.01631, 1.01631, 0.16093, 0.16093, 0.15835, 0.15835
1.55264, 1.02274, 1.02274, 0.16161, 0.16161, 0.15802, 0.15802
1.55921, 1.02345, 1.02345, 0.16125, 0.16125, 0.15755, 0.15755
1.56579, 1.02438, 1.02438, 0.16215, 0.16215, 0.15829, 0.15829
1.57237, 1.02731, 1.02731, 0.16135, 0.16135, 0.15706, 0.15706
1.57895, 1.02156, 1.02156, 0.16070, 0.16070, 0.15731, 0.15731
1.58552, 1.02712, 1.02712, 0.16241, 0.16241, 0.15812, 0.15812
1.59210, 1.02627, 1.02627, 0.16050, 0.16050, 0.15639, 0.15639
1.59868, 1.02882, 1.02882, 0.16097, 0.16097, 0.15646, 0.15646
1.60526, 1.03140, 1.03140, 0.16103, 0.16103, 0.15612, 0.15612
1.61184, 1.03357, 1.03357, 0.16223, 0.16223, 0.15696, 0.15696
1.61842, 1.03247, 1.03247, 0.16233, 0.16233, 0.15723, 0.15723
1.62500, 1.03297, 1.03297, 0.16179, 0.16179, 0.15662, 0.15662
1.63158, 1.03403, 1.03403, 0.16301, 0.16301, 0.15765, 0.15765
1.63816, 1.03828, 1.03828, 0.16165, 0.16165, 0.15569, 0.15569
1.64474, 1.03758, 1.03758, 0.16228, 0.16228, 0.15640, 0.15640
1.67107, 1.03688, 1.03688, 0.16048, 0.16048, 0.15478, 0.15478
1.67766, 1.04166, 1.04166, 0.16168, 0.16168, 0.15522, 0.15522
1.68424, 1.03887, 1.03887, 0.16111, 0.16111, 0.15509, 0.15509
1.69082, 1.04210, 1.04210, 0.16203, 0.16203, 0.15548, 0.15548
1.69741, 1.04623, 1.04623, 0.16209, 0.16209, 0.15493, 0.15493
1.70399, 1.04584, 1.04584, 0.16207, 0.16207, 0.15496, 0.15496
1.71058, 1.04613, 1.04613, 0.16174, 0.16174, 0.15461, 0.15461
1.71716, 1.04537, 1.04537, 0.16209, 0.16209, 0.15506, 0.15506
1.72375, 1.03302, 1.03302, 0.16354, 0.16354, 0.15831, 0.15831
1.73033, 1.04433, 1.04433, 0.16253, 0.16253, 0.15563, 0.15563
1.73692, 1.05033, 1.05033, 0.16212, 0.16212, 0.15435, 0.15435
1.74351, 1.04874, 1.04874, 0.16203, 0.16203, 0.15450, 0.15450
1.75009, 1.05626, 1.05626, 0.16220, 0.16220, 0.15356, 0.15356
1.75668, 1.05021, 1.05021, 0.16164, 0.16164, 0.15391, 0.15391
1.76327, 1.05820, 1.05820, 0.16218, 0.16218, 0.15326, 0.15326
1.76985, 1.05454, 1.05454, 0.16238, 0.16238, 0.15398, 0.15398
1.77644, 1.06061, 1.06061, 0.16208, 0.16208, 0.15282, 0.15282
1.78303, 1.05702, 1.05702, 0.16222, 0.16222, 0.15346, 0.15346
1.78962, 1.05618, 1.05618, 0.16246, 0.16246, 0.15382, 0.15382
1.79621, 1.06084, 1.06084, 0.16287, 0.16287, 0.15352, 0.15352
1.80280, 1.06142, 1.06142, 0.16273, 0.16273, 0.15332, 0.15332
1.80939, 1.06457, 1.06457, 0.16298, 0.16298, 0.15310, 0.15310
1.81598, 1.06217, 1.06217, 0.16352, 0.16352, 0.15394, 0.15394
1.82257, 1.06315, 1.06315, 0.16330, 0.16330, 0.15360, 0.15360
1.82916, 1.06190, 1.06190, 0.16354, 0.16354, 0.15401, 0.15401
1.83575, 1.06788, 1.06788, 0.16400, 0.16400, 0.15357, 0.15357
1.84234, 1.06293, 1.06293, 0.16404, 0.16404, 0.15433, 0.15433
1.84893, 1.06149, 1.06149, 0.16407, 0.16407, 0.15456, 0.15456
1.85552, 1.07027, 1.07027, 0.16403, 0.16403, 0.15326, 0.15326
1.86212, 1.06982, 1.06982, 0.16435, 0.16435, 0.15362, 0.15362
1.86871, 1.06798, 1.06798, 0.16499, 0.16499, 0.15449, 0.15449
1.87530, 1.06803, 1.06803, 0.16479, 0.16479, 0.15429, 0.15429
1.88190, 1.07217, 1.07217, 0.16425, 0.16425, 0.15320, 0.15320
1.88849, 1.07002, 1.07002, 0.16425, 0.16425, 0.15350, 0.15350
1.89508, 1.06776, 1.06776, 0.16398, 0.16398, 0.15357, 0.15357
1.90168, 1.07207, 1.07207, 0.16466, 0.16466, 0.15359, 0.15359
1.90827, 1.07021, 1.07021, 0.16465, 0.16465, 0.15385, 0.15385
1.91487, 1.07189, 1.07189, 0.16505, 0.16505, 0.15398, 0.15398
1.92146, 1.07350, 1.07350, 0.16532, 0.16532, 0.15400, 0.15400
1.92806, 1.07584, 1.07584, 0.16527, 0.16527, 0.15362, 0.15362
1.93465, 1.07578, 1.07578, 0.16575, 0.16575, 0.15407, 0.15407
1.94125, 1.07903, 1.07903, 0.16873, 0.16873, 0.15637, 0.15637
1.94785, 1.08543, 1.08543, 0.17195, 0.17195, 0.15841, 0.15841
1.95444, 1.07970, 1.07970, 0.17031, 0.17031, 0.15773, 0.15773
1.96104, 1.08063, 1.08063, 0.16549, 0.16549, 0.15314, 0.15314
1.96764, 1.08141, 1.08141, 0.16705, 0.16705, 0.15447, 0.15447
1.97424, 1.08335, 1.08335, 0.16763, 0.16763, 0.15473, 0.15473
1.98084, 1.09072, 1.09072, 0.16701, 0.16701, 0.15312, 0.15312
1.98743, 1.09331, 1.09331, 0.16692, 0.16692, 0.15267, 0.15267
1.99403, 1.08824, 1.08824, 0.16916, 0.16916, 0.15544, 0.15544
2.00063, 1.10331, 1.10331, 0.17424, 0.17424, 0.15792, 0.15792
2.00723, 1.09097, 1.09097, 0.16703, 0.16703, 0.15310, 0.15310
2.01383, 1.10140, 1.10140, 0.17070, 0.17070, 0.15498, 0.15498
2.02043, 1.09299, 1.09299, 0.17585, 0.17585, 0.16089, 0.16089
2.02703, 1.09179, 1.09179, 0.17362, 0.17362, 0.15902, 0.15902
2.03363, 1.09422, 1.09422, 0.17029, 0.17029, 0.15563, 0.15563
2.04024, 1.09822, 1.09822, 0.16859, 0.16859, 0.15352, 0.15352
2.04684, 1.10494, 1.10494, 0.16967, 0.16967, 0.15355, 0.15355
2.05344, 1.10015, 1.10015, 0.16779, 0.16779, 0.15251, 0.15251
2.06004, 1.09338, 1.09338, 0.16513, 0.16513, 0.15103, 0.15103
2.06664, 1.09364, 1.09364, 0.16739, 0.16739, 0.15306, 0.15306
2.07325, 1.10178, 1.10178, 0.17094, 0.17094, 0.15515, 0.15515
2.07985, 1.10549, 1.10549, 0.17028, 0.17028, 0.15404, 0.15404
2.08645, 1.11476, 1.11476, 0.16956, 0.16956, 0.15211, 0.15211
2.09306, 1.09660, 1.09660, 0.16854, 0.16854, 0.15369, 0.15369
2.09966, 1.09997, 1.09997, 0.16739, 0.16739, 0.15217, 0.15217
2.10627, 1.10340, 1.10340, 0.16603, 0.16603, 0.15047, 0.15047
2.11287, 1.09964, 1.09964, 0.16525, 0.16525, 0.15027, 0.15027
2.11948, 1.10880, 1.10880, 0.16541, 0.16541, 0.14918, 0.14918
2.12608, 1.10045, 1.10045, 0.16441, 0.16441, 0.14940, 0.14940
2.13269, 1.10206, 1.10206, 0.16445, 0.16445, 0.14922, 0.14922
2.13930, 1.10412, 1.10412, 0.16439, 0.16439, 0.14889, 0.14889
2.14590, 1.10410, 1.10410, 0.16449, 0.16449, 0.14898, 0.14898
2.15251, 1.10086, 1.10086, 0.16408, 0.16408, 0.14905, 0.14905
2.15912, 1.10831, 1.10831, 0.16494, 0.16494, 0.14882, 0.14882
2.16572, 1.10697, 1.10697, 0.16497, 0.16497, 0.14903, 0.14903
2.17233, 1.10608, 1.10608, 0.16472, 0.16472, 0.14892, 0.14892
2.17894, 1.10799, 1.10799, 0.16474, 0.16474, 0.14869, 0.14869
2.18555, 1.11139, 1.11139, 0.16486, 0.16486, 0.14834, 0.14834
2.19216, 1.10802, 1.10802, 0.16498, 0.16498, 0.14889, 0.14889
2.19877, 1.10860, 1.10860, 0.16492, 0.16492, 0.14876, 0.14876
2.20538, 1.11283, 1.11283, 0.16511, 0.16511, 0.14837, 0.14837
2.21199, 1.10756, 1.10756, 0.16482, 0.16482, 0.14881, 0.14881
2.21860, 1.11183, 1.11183, 0.16488, 0.16488, 0.14830, 0.14830
2.22521, 1.11253, 1.11253, 0.16492, 0.16492, 0.14824, 0.14824
2.23182, 1.11621, 1.11621, 0.16566, 0.16566, 0.14841, 0.14841
2.23843, 1.11457, 1.11457, 0.16506, 0.16506, 0.14809, 0.14809
2.24504, 1.11437, 1.11437, 0.16501, 0.16501, 0.14807, 0.14807
2.25165, 1.10742, 1.10742, 0.16410, 0.16410, 0.14818, 0.14818
2.25827, 1.11794, 1.11794, 0.16445, 0.16445, 0.14710, 0.14710
2.26488, 1.11436, 1.11436, 0.16430, 0.16430, 0.14744, 0.14744
2.27149, 1.12370, 1.12370, 0.16480, 0.16480, 0.14666, 0.14666
2.27810, 1.12120, 1.12120, 0.16493, 0.16493, 0.14710, 0.14710
2.28472, 1.12296, 1.12296, 0.16523, 0.16523, 0.14714, 0.14714
2.29133, 1.11431, 1.11431, 0.16501, 0.16501, 0.14809, 0.14809
2.29795, 1.11816, 1.11816, 0.16457, 0.16457, 0.14717, 0.14717
2.30456, 1.11829, 1.11829, 0.16475, 0.16475, 0.14732, 0.14732
2.31118, 1.11960, 1.11960, 0.16489, 0.16489, 0.14728, 0.14728
2.31779, 1.11857, 1.11857, 0.16447, 0.16447, 0.14704, 0.14704
2.32441, 1.12337, 1.12337, 0.16463, 0.16463, 0.14655, 0.14655
2.33102, 1.11912, 1.11912, 0.16457, 0.16457, 0.14705, 0.14705
2.33764, 1.12610, 1.12610, 0.16460, 0.16460, 0.14617, 0.14617
2.34426, 1.12544, 1.12544, 0.16528, 0.16528, 0.14685, 0.14685
2.35087, 1.12858, 1.12858, 0.16513, 0.16513, 0.14632, 0.14632
2.35749, 1.12547, 1.12547, 0.16476, 0.16476, 0.14639, 0.14639
2.36411, 1.12574, 1.12574, 0.16543, 0.16543, 0.14695, 0.14695
2.37072, 1.12344, 1.12344, 0.16570, 0.16570, 0.14749, 0.14749
2.37734, 1.12963, 1.12963, 0.16617, 0.16617, 0.14710, 0.14710
2.38396, 1.12978, 1.12978, 0.16540, 0.16540, 0.14640, 0.14640
2.39058, 1.13011, 1.13011, 0.16550, 0.16550, 0.14645, 0.14645
2.39720, 1.13751, 1.13751, 0.16640, 0.16640, 0.14629, 0.14629
2.40382, 1.13123, 1.13123, 0.16644, 0.16644, 0.14713, 0.14713
2.41044, 1.13186, 1.13186, 0.16693, 0.16693, 0.14749, 0.14749
2.41706, 1.13255, 1.13255, 0.16754, 0.16754, 0.14793, 0.14793
2.42368, 1.14020, 1.14020, 0.16775, 0.16775, 0.14712, 0.14712
2.43030, 1.14176, 1.14176, 0.16775, 0.16775, 0.14692, 0.14692
2.43692, 1.14121, 1.14121, 0.16833, 0.16833, 0.14750, 0.14750
2.44354, 1.14379, 1.14379, 0.16839, 0.16839, 0.14722, 0.14722
2.45017, 1.13547, 1.13547, 0.16931, 0.16931, 0.14911, 0.14911
2.45679, 1.15023, 1.15023, 0.16851, 0.16851, 0.14650, 0.14650
2.46341, 1.15242, 1.15242, 0.16870, 0.16870, 0.14638, 0.14638
2.47003, 1.14968, 1.14968, 0.16866, 0.16866, 0.14670, 0.14670
2.47666, 1.15748, 1.15748, 0.16790, 0.16790, 0.14505, 0.14505
2.48328, 1.15202, 1.15202, 0.16860, 0.16860, 0.14635, 0.14635
2.48990, 1.15330, 1.15330, 0.16894, 0.16894, 0.14648, 0.14648
2.49653, 1.15416, 1.15416, 0.16960, 0.16960, 0.14694, 0.14694
2.50312, 1.14948, 1.14948, 0.16955, 0.16955, 0.14750, 0.14750
2.50972, 1.15889, 1.15889, 0.16942, 0.16942, 0.14619, 0.14619
2.51632, 1.16359, 1.16359, 0.16968, 0.16968, 0.14583, 0.14583
2.52292, 1.16152, 1.16152, 0.16983, 0.16983, 0.14622, 0.14622
2.52951, 1.16288, 1.16288, 0.16991, 0.16991, 0.14611, 0.14611
2.53611, 1.15704, 1.15704, 0.16985, 0.16985, 0.14679, 0.14679
2.54271, 1.16085, 1.16085, 0.16961, 0.16961, 0.14611, 0.14611
2.54931, 1.16802, 1.16802, 0.17029, 0.17029, 0.14580, 0.14580
2.55591, 1.16723, 1.16723, 0.17013, 0.17013, 0.14575, 0.14575
2.56251, 1.16248, 1.16248, 0.16961, 0.16961, 0.14590, 0.14590
2.56911, 1.17682, 1.17682, 0.17091, 0.17091, 0.14523, 0.14523
2.57571, 1.17077, 1.17077, 0.17088, 0.17088, 0.14595, 0.14595
2.58231, 1.17447, 1.17447, 0.17257, 0.17257, 0.14693, 0.14693
2.58891, 1.17056, 1.17056, 0.17301, 0.17301, 0.14780, 0.14780
2.59551, 1.17698, 1.17698, 0.17381, 0.17381, 0.14768, 0.14768
2.60212, 1.18552, 1.18552, 0.17349, 0.17349, 0.14634, 0.14634
2.60872, 1.16579, 1.16579, 0.17341, 0.17341, 0.14875, 0.14875
2.61532, 1.18558, 1.18558, 0.17563, 0.17563, 0.14813, 0.14813
2.62192, 1.18185, 1.18185, 0.17532, 0.17532, 0.14834, 0.14834
2.62853, 1.18762, 1.18762, 0.17480, 0.17480, 0.14718, 0.14718
2.63513, 1.18806, 1.18806, 0.17356, 0.17356, 0.14609, 0.14609
2.64174, 1.19271, 1.19271, 0.17155, 0.17155, 0.14383, 0.14383
2.64834, 1.19616, 1.19616, 0.17128, 0.17128, 0.14319, 0.14319
2.65495, 1.19760, 1.19760, 0.17160, 0.17160, 0.14329, 0.14329
2.84004, 1.58312, 1.58312, 0.10465, 0.10465, 0.06610, 0.06610
2.84666, 1.57172, 1.57172, 0.10208, 0.10208, 0.06495, 0.06495
2.85328, 1.52213, 1.52213, 0.09861, 0.09861, 0.06478, 0.06478
2.85989, 1.48920, 1.48920, 0.09606, 0.09606, 0.06450, 0.06450
2.86651, 1.48078, 1.48078, 0.09511, 0.09511, 0.06423, 0.06423
2.87313, 1.48230, 1.48230, 0.09426, 0.09426, 0.06359, 0.06359
2.87975, 1.50474, 1.50474, 0.09430, 0.09430, 0.06266, 0.06266
2.88636, 1.54305, 1.54305, 0.09400, 0.09400, 0.06092, 0.06092
2.89298, 1.56250, 1.56250, 0.09388, 0.09388, 0.06008, 0.06008
2.89960, 1.55894, 1.55894, 0.09147, 0.09147, 0.05867, 0.05867
2.90622, 1.54330, 1.54330, 0.08950, 0.08950, 0.05799, 0.05799
2.91284, 1.52058, 1.52058, 0.08936, 0.08936, 0.05876, 0.05876
2.91946, 1.49544, 1.49544, 0.08902, 0.08902, 0.05953, 0.05953
2.92608, 1.48494, 1.48494, 0.08862, 0.08862, 0.05968, 0.05968
2.93270, 1.50602, 1.50602, 0.08821, 0.08821, 0.05857, 0.05857
2.93932, 1.53844, 1.53844, 0.08780, 0.08780, 0.05707, 0.05707
2.94595, 1.54684, 1.54684, 0.08755, 0.08755, 0.05660, 0.05660
2.95257, 1.53457, 1.53457, 0.08802, 0.08802, 0.05735, 0.05735
2.95919, 1.52855, 1.52855, 0.08799, 0.08799, 0.05756, 0.05756
2.96581, 1.53656, 1.53656, 0.08921, 0.08921, 0.05806, 0.05806
2.97244, 1.54090, 1.54090, 0.08893, 0.08893, 0.05771, 0.05771
2.97906, 1.54048, 1.54048, 0.08881, 0.08881, 0.05765, 0.05765
2.98568, 1.53907, 1.53907, 0.08854, 0.08854, 0.05753, 0.05753
2.99231, 1.55678, 1.55678, 0.08924, 0.08924, 0.05732, 0.05732
2.99893, 1.58596, 1.58596, 0.09026, 0.09026, 0.05691, 0.05691
3.00556, 1.58679, 1.58679, 0.09068, 0.09068, 0.05714, 0.05714
3.01218, 1.57008, 1.57008, 0.09017, 0.09017, 0.05743, 0.05743
3.01881, 1.56035, 1.56035, 0.08961, 0.08961, 0.05743, 0.05743
3.02544, 1.55928, 1.55928, 0.09017, 0.09017, 0.05783, 0.05783
3.03206, 1.53882, 1.53882, 0.08965, 0.08965, 0.05826, 0.05826
3.03869, 1.51246, 1.51246, 0.08928, 0.08928, 0.05903, 0.05903
3.04532, 1.50812, 1.50812, 0.08901, 0.08901, 0.05902, 0.05902
3.05195, 1.50991, 1.50991, 0.08796, 0.08796, 0.05825, 0.05825
3.05857, 1.50800, 1.50800, 0.08727, 0.08727, 0.05787, 0.05787
3.06520, 1.49756, 1.49756, 0.08673, 0.08673, 0.05791, 0.05791
3.07183, 1.49407, 1.49407, 0.08680, 0.08680, 0.05810, 0.05810
3.07846, 1.49131, 1.49131, 0.08675, 0.08675, 0.05817, 0.05817
3.08509, 1.50043, 1.50043, 0.08659, 0.08659, 0.05771, 0.05771
3.09172, 1.49471, 1.49471, 0.08646, 0.08646, 0.05784, 0.05784
3.09835, 1.47533, 1.47533, 0.08652, 0.08652, 0.05864, 0.05864
3.10498, 1.45869, 1.45869, 0.08684, 0.08684, 0.05953, 0.05953
3.11161, 1.46741, 1.46741, 0.08679, 0.08679, 0.05914, 0.05914
3.11825, 1.48309, 1.48309, 0.08698, 0.08698, 0.05865, 0.05865
3.12488, 1.48515, 1.48515, 0.08709, 0.08709, 0.05864, 0.05864
3.13151, 1.47864, 1.47864, 0.08693, 0.08693, 0.05879, 0.05879
3.13814, 1.47236, 1.47236, 0.08718, 0.08718, 0.05921, 0.05921
3.14478, 1.46745, 1.46745, 0.08670, 0.08670, 0.05908, 0.05908
3.15141, 1.45289, 1.45289, 0.08719, 0.08719, 0.06001, 0.06001
3.15804, 1.43765, 1.43765, 0.08872, 0.08872, 0.06171, 0.06171
3.16468, 1.43128, 1.43128, 0.08941, 0.08941, 0.06247, 0.06247
3.17131, 1.44772, 1.44772, 0.09128, 0.09128, 0.06305, 0.06305
3.17795, 1.46825, 1.46825, 0.09269, 0.09269, 0.06313, 0.06313
3.18458, 1.47811, 1.47811, 0.09427, 0.09427, 0.06378, 0.06378
3.19122, 1.47307, 1.47307, 0.09483, 0.09483, 0.06438, 0.06438
3.19785, 1.46140, 1.46140, 0.09552, 0.09552, 0.06536, 0.06536
3.20449, 1.45025, 1.45025, 0.09664, 0.09664, 0.06664, 0.06664
3.21113, 1.44605, 1.44605, 0.09777, 0.09777, 0.06761, 0.06761
3.21776, 1.44326, 1.44326, 0.09860, 0.09860, 0.06832, 0.06832
3.22440, 1.43782, 1.43782, 0.09993, 0.09993, 0.06950, 0.06950
3.23104, 1.42867, 1.42867, 0.10085, 0.10085, 0.07059, 0.07059
3.23768, 1.42837, 1.42837, 0.10160, 0.10160, 0.07113, 0.07113
3.24432, 1.43236, 1.43236, 0.10313, 0.10313, 0.07200, 0.07200
3.25096, 1.44014, 1.44014, 0.10416, 0.10416, 0.07232, 0.07232
3.25760, 1.44202, 1.44202, 0.10458, 0.10458, 0.07252, 0.07252
3.26424, 1.43709, 1.43709, 0.10514, 0.10514, 0.07316, 0.07316
3.27088, 1.43003, 1.43003, 0.10620, 0.10620, 0.07426, 0.07426
3.27752, 1.42130, 1.42130, 0.10748, 0.10748, 0.07562, 0.07562
3.28416, 1.41064, 1.41064, 0.10926, 0.10926, 0.07745, 0.07745
3.29080, 1.40663, 1.40663, 0.11147, 0.11147, 0.07924, 0.07924
3.29744, 1.41012, 1.41012, 0.11312, 0.11312, 0.08022, 0.08022
3.30408, 1.41890, 1.41890, 0.11476, 0.11476, 0.08087, 0.08087
3.31073, 1.42941, 1.42941, 0.11702, 0.11702, 0.08186, 0.08186
3.31737, 1.43679, 1.43679, 0.11840, 0.11840, 0.08241, 0.08241
3.32401, 1.44220, 1.44220, 0.11982, 0.11982, 0.08308, 0.08308
3.33066, 1.43099, 1.43099, 0.12161, 0.12161, 0.08498, 0.08498
3.33730, 1.40411, 1.40411, 0.12238, 0.12238, 0.08716, 0.08716
3.34395, 1.38853, 1.38853, 0.12284, 0.12284, 0.08846, 0.08846
3.35059, 1.39323, 1.39323, 0.12353, 0.12353, 0.08866, 0.08866
3.35724, 1.40147, 1.40147, 0.12535, 0.12535, 0.08944, 0.08944
3.36388, 1.40559, 1.40559, 0.12771, 0.12771, 0.09086, 0.09086
3.37053, 1.40091, 1.40091, 0.12858, 0.12858, 0.09178, 0.09178
3.37717, 1.39300, 1.39300, 0.13061, 0.13061, 0.09376, 0.09376
3.38382, 1.38781, 1.38781, 0.13198, 0.13198, 0.09510, 0.09510
3.39047, 1.38550, 1.38550, 0.13206, 0.13206, 0.09531, 0.09531
3.39712, 1.38308, 1.38308, 0.13304, 0.13304, 0.09619, 0.09619
3.40376, 1.37941, 1.37941, 0.13463, 0.13463, 0.09760, 0.09760
3.41041, 1.37409, 1.37409, 0.13646, 0.13646, 0.09931, 0.09931
3.41706, 1.36903, 1.36903, 0.13724, 0.13724, 0.10024, 0.10024
3.42371, 1.36326, 1.36326, 0.13828, 0.13828, 0.10144, 0.10144
3.43036, 1.35563, 1.35563, 0.13970, 0.13970, 0.10305, 0.10305
3.43701, 1.35346, 1.35346, 0.14061, 0.14061, 0.10389, 0.10389
3.44366, 1.35604, 1.35604, 0.14089, 0.14089, 0.10390, 0.10390
3.45031, 1.36072, 1.36072, 0.14217, 0.14217, 0.10448, 0.10448
3.45696, 1.36112, 1.36112, 0.14395, 0.14395, 0.10575, 0.10575
3.46361, 1.35051, 1.35051, 0.14514, 0.14514, 0.10747, 0.10747
3.47026, 1.33831, 1.33831, 0.14596, 0.14596, 0.10906, 0.10906
3.47692, 1.33458, 1.33458, 0.14875, 0.14875, 0.11146, 0.11146
3.48357, 1.34362, 1.34362, 0.15105, 0.15105, 0.11242, 0.11242
3.49022, 1.35260, 1.35260, 0.15147, 0.15147, 0.11199, 0.11199
3.49687, 1.35392, 1.35392, 0.15194, 0.15194, 0.11222, 0.11222
3.50353, 1.33706, 1.33706, 0.15351, 0.15351, 0.11481, 0.11481
3.51018, 1.31626, 1.31626, 0.15585, 0.15585, 0.11841, 0.11841
3.51684, 1.31015, 1.31015, 0.15813, 0.15813, 0.12069, 0.12069
3.52349, 1.32060, 1.32060, 0.16183, 0.16183, 0.12255, 0.12255
3.53015, 1.32604, 1.32604, 0.16625, 0.16625, 0.12537, 0.12537
3.53680, 1.32247, 1.32247, 0.16816, 0.16816, 0.12716, 0.12716
3.54346, 1.32069, 1.32069, 0.16839, 0.16839, 0.12750, 0.12750
3.55011, 1.31721, 1.31721, 0.17103, 0.17103, 0.12984, 0.12984
3.55677, 1.31371, 1.31371, 0.17491, 0.17491, 0.13314, 0.13314
3.56343, 1.30722, 1.30722, 0.17610, 0.17610, 0.13471, 0.13471
3.57008, 1.30246, 1.30246, 0.17496, 0.17496, 0.13433, 0.13433
3.57674, 1.29383, 1.29383, 0.17578, 0.17578, 0.13586, 0.13586
3.58340, 1.27810, 1.27810, 0.17829, 0.17829, 0.13949, 0.13949
3.59006, 1.26997, 1.26997, 0.17924, 0.17924, 0.14114, 0.14114
3.59672, 1.27164, 1.27164, 0.17937, 0.17937, 0.14106, 0.14106
3.60338, 1.28811, 1.28811, 0.18389, 0.18389, 0.14276, 0.14276
3.61004, 1.30121, 1.30121, 0.18788, 0.18788, 0.14439, 0.14439
3.61670, 1.29733, 1.29733, 0.18835, 0.18835, 0.14518, 0.14518
3.62336, 1.28518, 1.28518, 0.18646, 0.18646, 0.14508, 0.14508
3.63002, 1.26960, 1.26960, 0.18751, 0.18751, 0.14770, 0.14770
3.63668, 1.27118, 1.27118, 0.19133, 0.19133, 0.15051, 0.15051
3.64334, 1.27322, 1.27322, 0.19182, 0.19182, 0.15066, 0.15066
3.65000, 1.27521, 1.27521, 0.19103, 0.19103, 0.14980, 0.14980
3.65667, 1.27762, 1.27762, 0.19260, 0.19260, 0.15075, 0.15075
3.66333, 1.28385, 1.28385, 0.19683, 0.19683, 0.15331, 0.15331
3.66999, 1.28252, 1.28252, 0.19674, 0.19674, 0.15340, 0.15340
3.67665, 1.27380, 1.27380, 0.19394, 0.19394, 0.15225, 0.15225
3.68332, 1.28048, 1.28048, 0.19524, 0.19524, 0.15247, 0.15247
3.68998, 1.29122, 1.29122, 0.20020, 0.20020, 0.15505, 0.15505
3.69665, 1.29375, 1.29375, 0.20192, 0.20192, 0.15607, 0.15607
3.70331, 1.28845, 1.28845, 0.19967, 0.19967, 0.15497, 0.15497
3.70998, 1.28792, 1.28792, 0.19929, 0.19929, 0.15473, 0.15473
3.71664, 1.28381, 1.28381, 0.20145, 0.20145, 0.15691, 0.15691
3.72331, 1.27584, 1.27584, 0.20357, 0.20357, 0.15955, 0.15955
3.72998, 1.27165, 1.27165, 0.20142, 0.20142, 0.15839, 0.15839
3.73664, 1.27981, 1.27981, 0.20041, 0.20041, 0.15660, 0.15660
3.74331, 1.29447, 1.29447, 0.20237, 0.20237, 0.15634, 0.15634
3.74998, 1.30122, 1.30122, 0.20534, 0.20534, 0.15780, 0.15780
3.75665, 1.29291, 1.29291, 0.20296, 0.20296, 0.15698, 0.15698
3.76331, 1.28499, 1.28499, 0.19895, 0.19895, 0.15482, 0.15482
3.76998, 1.28485, 1.28485, 0.19943, 0.19943, 0.15522, 0.15522
3.77665, 1.29293, 1.29293, 0.20485, 0.20485, 0.15843, 0.15843
3.78332, 1.28819, 1.28819, 0.20550, 0.20550, 0.15952, 0.15952
3.78999, 1.28678, 1.28678, 0.20192, 0.20192, 0.15692, 0.15692
3.79666, 1.27861, 1.27861, 0.20027, 0.20027, 0.15663, 0.15663
3.80333, 1.27892, 1.27892, 0.20331, 0.20331, 0.15897, 0.15897
3.81000, 1.27742, 1.27742, 0.20432, 0.20432, 0.15995, 0.15995
3.81667, 1.27771, 1.27771, 0.20263, 0.20263, 0.15859, 0.15859
3.82335, 1.28912, 1.28912, 0.19943, 0.19943, 0.15470, 0.15470
3.83002, 1.30395, 1.30395, 0.20100, 0.20100, 0.15414, 0.15414
3.83669, 1.31089, 1.31089, 0.20378, 0.20378, 0.15545, 0.15545
3.84336, 1.31067, 1.31067, 0.20435, 0.20435, 0.15591, 0.15591
3.85004, 1.30076, 1.30076, 0.20007, 0.20007, 0.15381, 0.15381
3.85671, 1.28295, 1.28295, 0.19458, 0.19458, 0.15167, 0.15167
3.86339, 1.27290, 1.27290, 0.19455, 0.19455, 0.15284, 0.15284
3.87006, 1.29087, 1.29087, 0.19767, 0.19767, 0.15313, 0.15313
3.87673, 1.31288, 1.31288, 0.19771, 0.19771, 0.15059, 0.15059
3.88341, 1.32258, 1.32258, 0.19588, 0.19588, 0.14810, 0.14810
3.89008, 1.32097, 1.32097, 0.19665, 0.19665, 0.14887, 0.14887
3.89676, 1.32029, 1.32029, 0.20136, 0.20136, 0.15251, 0.15251
