0.43613, 1.12763, 1.12763, 0.06667, 0.06667, 0.05912, 0.05912
0.44263, 1.13252, 1.13252, 0.06714, 0.06714, 0.05928, 0.05928
0.44914, 1.13858, 1.13858, 0.06910, 0.06910, 0.06069, 0.06069
0.45564, 1.14222, 1.14222, 0.07217, 0.07217, 0.06319, 0.06319
0.46215, 1.14941, 1.14941, 0.07320, 0.07320, 0.06369, 0.06369
0.46865, 1.15364, 1.15364, 0.07593, 0.07593, 0.06581, 0.06581
0.47516, 1.16005, 1.16005, 0.07860, 0.07860, 0.06775, 0.06775
0.48167, 1.16278, 1.16278, 0.08195, 0.08195, 0.07048, 0.07048
0.48817, 1.16789, 1.16789, 0.08336, 0.08336, 0.07137, 0.07137
0.49468, 1.17169, 1.17169, 0.08836, 0.08836, 0.07541, 0.07541
0.50119, 1.17713, 1.17713, 0.09076, 0.09076, 0.07710, 0.07710
0.50770, 1.18286, 1.18286, 0.09459, 0.09459, 0.07997, 0.07997
0.51421, 1.18797, 1.18797, 0.09692, 0.09692, 0.08159, 0.08159
0.52072, 1.19137, 1.19137, 0.10112, 0.10112, 0.08488, 0.08488
0.52723, 1.19852, 1.19852, 0.10475, 0.10475, 0.08740, 0.08740
0.53374, 1.20347, 1.20347, 0.11095, 0.11095, 0.09219, 0.09219
0.54025, 1.20861, 1.20861, 0.11368, 0.11368, 0.09406, 0.09406
0.54676, 1.21764, 1.21764, 0.11833, 0.11833, 0.09718, 0.09718
0.55327, 1.22333, 1.22333, 0.12466, 0.12466, 0.10190, 0.10190
0.55978, 1.23302, 1.23302, 0.13326, 0.13326, 0.10808, 0.10808
0.56629, 1.23223, 1.23223, 0.13841, 0.13841, 0.11232, 0.11232
0.57281, 1.23972, 1.23972, 0.14820, 0.14820, 0.11954, 0.11954
0.57932, 1.25107, 1.25107, 0.15826, 0.15826, 0.12650, 0.12650
0.58583, 1.25797, 1.25797, 0.16697, 0.16697, 0.13273, 0.13273
0.59235, 1.26195, 1.26195, 0.17349, 0.17349, 0.13748, 0.13748
0.59886, 1.26798, 1.26798, 0.17972, 0.17972, 0.14174, 0.14174
0.60538, 1.27358, 1.27358, 0.18400, 0.18400, 0.14448, 0.14448
0.61189, 1.27622, 1.27622, 0.19048, 0.19048, 0.14926, 0.14926
0.61841, 1.27919, 1.27919, 0.19512, 0.19512, 0.15253, 0.15253
0.62492, 1.28236, 1.28236, 0.20410, 0.20410, 0.15916, 0.15916
0.63144, 1.28386, 1.28386, 0.20392, 0.20392, 0.15883, 0.15883
0.70968, 1.30652, 1.30652, 0.23021, 0.23021, 0.17620, 0.17620
0.71620, 1.30550, 1.30550, 0.23106, 0.23106, 0.17699, 0.17699
0.72272, 1.30754, 1.30754, 0.23553, 0.23553, 0.18013, 0.18013
0.72925, 1.30471, 1.30659, 0.23489, 0.23625, 0.18003, 0.18081
0.73577, 1.30707, 1.30904, 0.23240, 0.23381, 0.17780, 0.17861
0.74230, 1.30873, 1.31078, 0.23160, 0.23306, 0.17696, 0.17780
0.74882, 1.30782, 1.30996, 0.23174, 0.23326, 0.17719, 0.17807
0.75535, 1.30981, 1.31203, 0.23335, 0.23494, 0.17815, 0.17907
0.76187, 1.30833, 1.31064, 0.23402, 0.23568, 0.17887, 0.17982
0.76840, 1.30922, 1.31162, 0.23245, 0.23417, 0.17755, 0.17853
0.77492, 1.31085, 1.31336, 0.23387, 0.23566, 0.17841, 0.17944
0.78145, 1.31244, 1.31505, 0.23150, 0.23335, 0.17639, 0.17745
0.78798, 1.31116, 1.31386, 0.23149, 0.23341, 0.17655, 0.17765
0.79451, 1.31346, 1.31628, 0.22939, 0.23137, 0.17464, 0.17577
0.80104, 1.31314, 1.31606, 0.22870, 0.23075, 0.17416, 0.17533
0.80756, 1.31409, 1.31713, 0.22827, 0.23040, 0.17371, 0.17492
0.81409, 1.31518, 1.31833, 0.22929, 0.23151, 0.17434, 0.17560
0.82062, 1.31584, 1.31911, 0.22811, 0.23040, 0.17336, 0.17466
0.82715, 1.31764, 1.32103, 0.22677, 0.22912, 0.17210, 0.17344
0.83368, 1.31845, 1.32197, 0.22554, 0.22797, 0.17106, 0.17244
0.84022, 1.31911, 1.32276, 0.22555, 0.22807, 0.17099, 0.17242
0.84675, 1.32165, 1.32544, 0.22345, 0.22603, 0.16907, 0.17053
0.85328, 1.31855, 1.32246, 0.22118, 0.22382, 0.16774, 0.16925
0.85981, 1.32142, 1.32548, 0.22167, 0.22442, 0.16775, 0.16931
0.86634, 1.32188, 1.32609, 0.22258, 0.22543, 0.16838, 0.17000
0.87288, 1.32295, 1.32731, 0.21990, 0.22282, 0.16622, 0.16787
0.87941, 1.32302, 1.32753, 0.21681, 0.21978, 0.16387, 0.16556
0.88595, 1.32395, 1.32862, 0.21711, 0.22020, 0.16399, 0.16573
0.89248, 1.32615, 1.33099, 0.21908, 0.22229, 0.16520, 0.16701
0.89902, 1.32573, 1.33072, 0.21553, 0.21880, 0.16257, 0.16442
0.90555, 1.32666, 1.33183, 0.21399, 0.21735, 0.16130, 0.16319
0.91209, 1.32835, 1.33369, 0.21330, 0.21676, 0.16057, 0.16252
0.91862, 1.32911, 1.33463, 0.21450, 0.21810, 0.16139, 0.16341
0.92516, 1.32851, 1.33421, 0.21259, 0.21626, 0.16002, 0.16209
0.93170, 1.32817, 1.33405, 0.21217, 0.21596, 0.15975, 0.16188
0.93824, 1.32805, 1.33412, 0.21158, 0.21548, 0.15932, 0.16151
0.94477, 1.33062, 1.33690, 0.21247, 0.21651, 0.15968, 0.16195
0.95131, 1.32808, 1.33455, 0.21337, 0.21756, 0.16066, 0.16302
0.95785, 1.33190, 1.33859, 0.21263, 0.21693, 0.15964, 0.16206
0.96439, 1.33248, 1.33938, 0.21363, 0.21809, 0.16033, 0.16283
0.97093, 1.33276, 1.33988, 0.21213, 0.21669, 0.15916, 0.16172
0.97747, 1.33071, 1.33804, 0.21146, 0.21616, 0.15891, 0.16155
0.98401, 1.32832, 1.33586, 0.20781, 0.21257, 0.15645, 0.15912
0.99055, 1.32868, 1.33645, 0.20940, 0.21434, 0.15760, 0.16038
0.99710, 1.32578, 1.33378, 0.21024, 0.21534, 0.15857, 0.16145
1.00364, 1.32490, 1.33312, 0.20961, 0.21485, 0.15821, 0.16116
1.01018, 1.31736, 1.32579, 0.20832, 0.21369, 0.15813, 0.16118
1.04720, 1.30724, 1.30724, 0.21037, 0.21037, 0.16092, 0.16092
1.05375, 1.30426, 1.30426, 0.21143, 0.21143, 0.16211, 0.16211
1.06030, 1.30665, 1.30665, 0.21091, 0.21091, 0.16141, 0.16141
1.06685, 1.31001, 1.31001, 0.21056, 0.21056, 0.16073, 0.16073
1.07341, 1.31389, 1.31389, 0.21181, 0.21181, 0.16121, 0.16121
1.07996, 1.30974, 1.30974, 0.21108, 0.21108, 0.16116, 0.16116
1.08651, 1.30820, 1.30820, 0.21227, 0.21227, 0.16226, 0.16226
1.09307, 1.30687, 1.30687, 0.21342, 0.21342, 0.16331, 0.16331
1.09962, 1.30715, 1.30715, 0.21503, 0.21503, 0.16450, 0.16450
1.10617, 1.30806, 1.30806, 0.21632, 0.21632, 0.16538, 0.16538
1.11273, 1.30735, 1.30735, 0.21687, 0.21687, 0.16589, 0.16589
1.11928, 1.30608, 1.30608, 0.21828, 0.21828, 0.16713, 0.16713
1.12584, 1.30371, 1.30371, 0.21883, 0.21883, 0.16785, 0.16785
1.13239, 1.30395, 1.30395, 0.21922, 0.21922, 0.16812, 0.16812
1.13895, 1.30123, 1.30123, 0.21884, 0.21884, 0.16818, 0.16818
1.14551, 1.30128, 1.30128, 0.21945, 0.21945, 0.16864, 0.16864
1.15206, 1.30127, 1.30127, 0.22018, 0.22018, 0.16921, 0.16921
1.15862, 1.30080, 1.30080, 0.21992, 0.21992, 0.16907, 0.16907
1.16518, 1.30115, 1.30115, 0.22014, 0.22014, 0.16919, 0.16919
1.17173, 1.30068, 1.30068, 0.22033, 0.22033, 0.16940, 0.16940
1.17829, 1.30067, 1.30067, 0.22007, 0.22007, 0.16919, 0.16919
1.18485, 1.29979, 1.29979, 0.22180, 0.22180, 0.17065, 0.17065
1.19141, 1.30034, 1.30034, 0.22304, 0.22304, 0.17152, 0.17152
1.19797, 1.29976, 1.29976, 0.22177, 0.22177, 0.17062, 0.17062
1.20453, 1.29914, 1.29914, 0.22087, 0.22087, 0.17001, 0.17001
1.21109, 1.29984, 1.29984, 0.22169, 0.22169, 0.17055, 0.17055
1.21765, 1.29946, 1.29946, 0.22117, 0.22117, 0.17020, 0.17020
1.22421, 1.29993, 1.29993, 0.22186, 0.22186, 0.17067, 0.17067
1.23077, 1.29837, 1.29837, 0.22338, 0.22338, 0.17204, 0.17204
1.23733, 1.29864, 1.29864, 0.22383, 0.22383, 0.17235, 0.17235
1.24389, 1.29683, 1.29683, 0.22353, 0.22353, 0.17237, 0.17237
1.25045, 1.29708, 1.29708, 0.22430, 0.22430, 0.17293, 0.17293
1.25701, 1.29713, 1.29713, 0.22290, 0.22290, 0.17184, 0.17184
1.26357, 1.29507, 1.29507, 0.22409, 0.22409, 0.17303, 0.17303
1.27014, 1.29435, 1.29435, 0.22547, 0.22547, 0.17419, 0.17419
1.27670, 1.29700, 1.29700, 0.22513, 0.22513, 0.17358, 0.17358
1.28326, 1.29622, 1.29622, 0.22487, 0.22487, 0.17348, 0.17348
1.28983, 1.29785, 1.29785, 0.22562, 0.22562, 0.17384, 0.17384
1.29639, 1.29751, 1.29751, 0.22643, 0.22643, 0.17451, 0.17451
1.30295, 1.29755, 1.29755, 0.22657, 0.22657, 0.17461, 0.17461
1.30952, 1.29714, 1.29714, 0.22532, 0.22532, 0.17370, 0.17370
1.31608, 1.29415, 1.29415, 0.22630, 0.22630, 0.17486, 0.17486
1.32265, 1.29451, 1.29451, 0.22850, 0.22850, 0.17651, 0.17651
1.32921, 1.29328, 1.29328, 0.22762, 0.22762, 0.17600, 0.17600
1.33578, 1.29333, 1.29333, 0.22825, 0.22825, 0.17648, 0.17648
1.34234, 1.29381, 1.29381, 0.22915, 0.22915, 0.17711, 0.17711
1.34891, 1.29318, 1.29318, 0.23067, 0.23067, 0.17837, 0.17837
1.35548, 1.29377, 1.29377, 0.23220, 0.23220, 0.17947, 0.17947
1.36205, 1.29349, 1.29349, 0.23248, 0.23248, 0.17973, 0.17973
1.36861, 1.29154, 1.29154, 0.23071, 0.23071, 0.17863, 0.17863
1.37518, 1.29171, 1.29171, 0.23160, 0.23160, 0.17929, 0.17929
1.38175, 1.29057, 1.29057, 0.23251, 0.23251, 0.18016, 0.18016
1.38832, 1.29107, 1.29107, 0.23161, 0.23161, 0.17939, 0.17939
1.39489, 1.29118, 1.29118, 0.23236, 0.23236, 0.17996, 0.17996
1.40145, 1.29105, 1.29105, 0.23296, 0.23296, 0.18044, 0.18044
1.40802, 1.28798, 1.28798, 0.23443, 0.23443, 0.18201, 0.18201
1.41459, 1.28715, 1.28715, 0.23422, 0.23422, 0.18197, 0.18197
1.42116, 1.28564, 1.28564, 0.23491, 0.23491, 0.18272, 0.18272
1.42773, 1.28148, 1.28148, 0.23311, 0.23311, 0.18190, 0.18190
1.43431, 1.27705, 1.27705, 0.23206, 0.23206, 0.18171, 0.18171
1.44088, 1.27788, 1.27788, 0.23159, 0.23159, 0.18123, 0.18123
1.44745, 1.27965, 1.27965, 0.23428, 0.23428, 0.18308, 0.18308
1.45402, 1.28155, 1.28155, 0.23381, 0.23381, 0.18244, 0.18244
1.46059, 1.28237, 1.28237, 0.23379, 0.23379, 0.18231, 0.18231
1.46716, 1.28259, 1.28259, 0.23396, 0.23396, 0.18241, 0.18241
1.47374, 1.28204, 1.28204, 0.23247, 0.23247, 0.18133, 0.18133
1.48031, 1.28374, 1.28374, 0.23267, 0.23267, 0.18124, 0.18124
1.48688, 1.28397, 1.28397, 0.23108, 0.23108, 0.17997, 0.17997
1.49346, 1.28294, 1.28294, 0.23344, 0.23344, 0.18196, 0.18196
1.50003, 1.28390, 1.28390, 0.23320, 0.23320, 0.18164, 0.18164
1.50661, 1.28418, 1.28418, 0.23111, 0.23111, 0.17997, 0.17997
1.51318, 1.28343, 1.28343, 0.23370, 0.23370, 0.18209, 0.18209
1.51976, 1.28311, 1.28311, 0.23402, 0.23402, 0.18238, 0.18238
1.52633, 1.28231, 1.28231, 0.23422, 0.23422, 0.18265, 0.18265
1.53291, 1.28394, 1.28394, 0.23441, 0.23441, 0.18257, 0.18257
1.53948, 1.28540, 1.28540, 0.23414, 0.23414, 0.18215, 0.18215
1.54606, 1.28484, 1.28484, 0.23640, 0.23640, 0.18399, 0.18399
1.55264, 1.28345, 1.28345, 0.23651, 0.23651, 0.18427, 0.18427
1.55921, 1.28739, 1.28739, 0.23585, 0.23585, 0.18320, 0.18320
1.56579, 1.28389, 1.28389, 0.23650, 0.23650, 0.18421, 0.18421
1.57237, 1.28328, 1.28328, 0.23442, 0.23442, 0.18267, 0.18267
1.57895, 1.28465, 1.28465, 0.23501, 0.23501, 0.18294, 0.18294
1.58552, 1.28261, 1.28261, 0.23680, 0.23680, 0.18462, 0.18462
1.59210, 1.28780, 1.28780, 0.23484, 0.23484, 0.18236, 0.18236
1.59868, 1.28472, 1.28472, 0.23533, 0.23533, 0.18318, 0.18318
1.60526, 1.28500, 1.28500, 0.23518, 0.23518, 0.18302, 0.18302
1.61184, 1.28457, 1.28457, 0.23614, 0.23614, 0.18383, 0.18383
1.61842, 1.28042, 1.28042, 0.23632, 0.23632, 0.18457, 0.18457
1.62500, 1.28487, 1.28487, 0.23721, 0.23721, 0.18462, 0.18462
1.63158, 1.28373, 1.28373, 0.23875, 0.23875, 0.18598, 0.18598
1.63816, 1.28384, 1.28384, 0.23704, 0.23704, 0.18463, 0.18463
1.64474, 1.28456, 1.28456, 0.23727, 0.23727, 0.18471, 0.18471
1.67107, 1.28650, 1.28650, 0.23695, 0.23695, 0.18418, 0.18418
1.67766, 1.28843, 1.28843, 0.23620, 0.23620, 0.18333, 0.18333
1.68424, 1.28668, 1.28668, 0.23501, 0.23501, 0.18265, 0.18265
1.69082, 1.28861, 1.28861, 0.23606, 0.23606, 0.18318, 0.18318
1.69741, 1.29182, 1.29182, 0.23696, 0.23696, 0.18343, 0.18343
1.70399, 1.29127, 1.29127, 0.23745, 0.23745, 0.18389, 0.18389
1.71058, 1.28951, 1.28951, 0.23642, 0.23642, 0.18334, 0.18334
1.71716, 1.29058, 1.29058, 0.23695, 0.23695, 0.18360, 0.18360
1.72375, 1.29385, 1.29385, 0.23741, 0.23741, 0.18349, 0.18349
1.73033, 1.29141, 1.29141, 0.23694, 0.23694, 0.18348, 0.18348
1.73692, 1.29129, 1.29129, 0.23614, 0.23614, 0.18287, 0.18287
1.74351, 1.29087, 1.29087, 0.23585, 0.23585, 0.18270, 0.18270
1.75009, 1.29218, 1.29218, 0.23662, 0.23662, 0.18312, 0.18312
1.75668, 1.29411, 1.29411, 0.23667, 0.23667, 0.18288, 0.18288
1.76327, 1.29250, 1.29250, 0.23627, 0.23627, 0.18280, 0.18280
1.76985, 1.29444, 1.29444, 0.23633, 0.23633, 0.18257, 0.18257
1.77644, 1.29130, 1.29130, 0.23597, 0.23597, 0.18274, 0.18274
1.78303, 1.29338, 1.29338, 0.23598, 0.23598, 0.18245, 0.18245
1.78962, 1.29410, 1.29410, 0.23626, 0.23626, 0.18257, 0.18257
1.79621, 1.29219, 1.29219, 0.23605, 0.23605, 0.18267, 0.18267
1.80280, 1.29434, 1.29434, 0.23651, 0.23651, 0.18272, 0.18272
1.80939, 1.29430, 1.29430, 0.23632, 0.23632, 0.18258, 0.18258
1.81598, 1.29512, 1.29512, 0.23682, 0.23682, 0.18285, 0.18285
1.82257, 1.29506, 1.29506, 0.23655, 0.23655, 0.18265, 0.18265
1.82916, 1.29598, 1.29598, 0.23648, 0.23648, 0.18247, 0.18247
1.83575, 1.29510, 1.29510, 0.23655, 0.23655, 0.18265, 0.18265
1.84234, 1.29438, 1.29438, 0.23632, 0.23632, 0.18258, 0.18258
1.84893, 1.29452, 1.29452, 0.23608, 0.23608, 0.18237, 0.18237
1.85552, 1.29462, 1.29462, 0.23637, 0.23637, 0.18257, 0.18257
1.86212, 1.29486, 1.29486, 0.23595, 0.23595, 0.18222, 0.18222
1.86871, 1.29392, 1.29392, 0.23663, 0.23663, 0.18288, 0.18288
1.87530, 1.29322, 1.29322, 0.23527, 0.23527, 0.18192, 0.18192
1.88190, 1.29110, 1.29110, 0.23401, 0.23401, 0.18125, 0.18125
1.88849, 1.29069, 1.29069, 0.23319, 0.23319, 0.18067, 0.18067
1.89508, 1.28860, 1.28860, 0.23187, 0.23187, 0.17994, 0.17994
1.90168, 1.28402, 1.28402, 0.23021, 0.23021, 0.17929, 0.17929
1.90827, 1.28026, 1.28026, 0.22802, 0.22802, 0.17810, 0.17810
1.91487, 1.27428, 1.27428, 0.22617, 0.22617, 0.17749, 0.17749
1.92146, 1.26940, 1.26940, 0.22422, 0.22422, 0.17663, 0.17663
1.92806, 1.26547, 1.26547, 0.22264, 0.22264, 0.17593, 0.17593
1.93465, 1.26277, 1.26277, 0.22235, 0.22235, 0.17608, 0.17608
1.94125, 1.26328, 1.26328, 0.22328, 0.22328, 0.17675, 0.17675
1.94785, 1.26487, 1.26487, 0.22356, 0.22356, 0.17674, 0.17674
1.95444, 1.26541, 1.26541, 0.22150, 0.22150, 0.17504, 0.17504
1.96104, 1.26876, 1.26876, 0.22002, 0.22002, 0.17341, 0.17341
1.96764, 1.27050, 1.27050, 0.22164, 0.22164, 0.17445, 0.17445
1.97424, 1.27231, 1.27231, 0.22361, 0.22361, 0.17575, 0.17575
1.98084, 1.27529, 1.27529, 0.22318, 0.22318, 0.17500, 0.17500
1.98743, 1.27694, 1.27694, 0.22328, 0.22328, 0.17485, 0.17485
1.99403, 1.27383, 1.27383, 0.22484, 0.22484, 0.17650, 0.17650
2.00063, 1.27709, 1.27709, 0.22370, 0.22370, 0.17516, 0.17516
2.00723, 1.27531, 1.27531, 0.22344, 0.22344, 0.17520, 0.17520
2.01383, 1.28014, 1.28014, 0.22604, 0.22604, 0.17657, 0.17657
2.02043, 1.28927, 1.28927, 0.23194, 0.23194, 0.17990, 0.17990
2.02703, 1.28953, 1.28953, 0.23117, 0.23117, 0.17927, 0.17927
2.03363, 1.29283, 1.29283, 0.22977, 0.22977, 0.17772, 0.17772
2.04024, 1.29507, 1.29507, 0.22809, 0.22809, 0.17612, 0.17612
2.04684, 1.29495, 1.29495, 0.22771, 0.22771, 0.17584, 0.17584
2.05344, 1.29565, 1.29565, 0.22602, 0.22602, 0.17444, 0.17444
2.06004, 1.29607, 1.29607, 0.22579, 0.22579, 0.17421, 0.17421
2.06664, 1.29456, 1.29456, 0.22669, 0.22669, 0.17511, 0.17511
2.07325, 1.29513, 1.29513, 0.22962, 0.22962, 0.17729, 0.17729
2.07985, 1.29680, 1.29680, 0.22979, 0.22979, 0.17720, 0.17720
2.08645, 1.29610, 1.29610, 0.23026, 0.23026, 0.17766, 0.17766
2.09306, 1.29510, 1.29510, 0.23101, 0.23101, 0.17837, 0.17837
2.09966, 1.29705, 1.29705, 0.23057, 0.23057, 0.17776, 0.17776
2.10627, 1.29696, 1.29696, 0.23037, 0.23037, 0.17762, 0.17762
2.11287, 1.29865, 1.29865, 0.22949, 0.22949, 0.17671, 0.17671
2.11948, 1.29727, 1.29727, 0.22987, 0.22987, 0.17720, 0.17720
2.12608, 1.29830, 1.29830, 0.22935, 0.22935, 0.17665, 0.17665
2.13269, 1.29706, 1.29706, 0.22874, 0.22874, 0.17635, 0.17635
2.13930, 1.29651, 1.29651, 0.22923, 0.22923, 0.17680, 0.17680
2.14590, 1.29564, 1.29564, 0.22843, 0.22843, 0.17631, 0.17631
2.15251, 1.29745, 1.29745, 0.22870, 0.22870, 0.17627, 0.17627
2.15912, 1.29590, 1.29590, 0.22857, 0.22857, 0.17638, 0.17638
2.16572, 1.29475, 1.29475, 0.22867, 0.22867, 0.17662, 0.17662
2.17233, 1.29321, 1.29321, 0.22879, 0.22879, 0.17691, 0.17691
2.17894, 1.29318, 1.29318, 0.22829, 0.22829, 0.17653, 0.17653
2.18555, 1.29251, 1.29251, 0.22767, 0.22767, 0.17614, 0.17614
2.19216, 1.29343, 1.29343, 0.22812, 0.22812, 0.17637, 0.17637
2.19877, 1.29097, 1.29097, 0.22731, 0.22731, 0.17607, 0.17607
2.20538, 1.29284, 1.29284, 0.22737, 0.22737, 0.17587, 0.17587
2.21199, 1.29060, 1.29060, 0.22707, 0.22707, 0.17594, 0.17594
2.21860, 1.29098, 1.29098, 0.22714, 0.22714, 0.17594, 0.17594
2.22521, 1.28936, 1.28936, 0.22708, 0.22708, 0.17612, 0.17612
2.23182, 1.29149, 1.29149, 0.22737, 0.22737, 0.17605, 0.17605
2.23843, 1.29135, 1.29135, 0.22670, 0.22670, 0.17555, 0.17555
2.24504, 1.28985, 1.28985, 0.22741, 0.22741, 0.17631, 0.17631
2.25165, 1.28915, 1.28915, 0.22703, 0.22703, 0.17610, 0.17610
2.25827, 1.28818, 1.28818, 0.22640, 0.22640, 0.17575, 0.17575
2.26488, 1.28847, 1.28847, 0.22628, 0.22628, 0.17561, 0.17561
2.27149, 1.28818, 1.28818, 0.22721, 0.22721, 0.17638, 0.17638
2.27810, 1.28815, 1.28815, 0.22743, 0.22743, 0.17656, 0.17656
2.28472, 1.28882, 1.28882, 0.22808, 0.22808, 0.17697, 0.17697
2.29133, 1.28816, 1.28816, 0.22833, 0.22833, 0.17725, 0.17725
2.29795, 1.29158, 1.29158, 0.22909, 0.22909, 0.17737, 0.17737
2.30456, 1.29164, 1.29164, 0.22895, 0.22895, 0.17726, 0.17726
2.31118, 1.29074, 1.29074, 0.22892, 0.22892, 0.17735, 0.17735
2.31779, 1.28959, 1.28959, 0.22788, 0.22788, 0.17670, 0.17670
2.32441, 1.28818, 1.28818, 0.22746, 0.22746, 0.17657, 0.17657
2.33102, 1.28884, 1.28884, 0.22711, 0.22711, 0.17621, 0.17621
2.33764, 1.28653, 1.28653, 0.22636, 0.22636, 0.17595, 0.17595
2.34426, 1.28249, 1.28249, 0.22604, 0.22604, 0.17625, 0.17625
2.35087, 1.28280, 1.28280, 0.22522, 0.22522, 0.17557, 0.17557
2.35749, 1.27779, 1.27779, 0.22442, 0.22442, 0.17563, 0.17563
2.36411, 1.27461, 1.27461, 0.22302, 0.22302, 0.17497, 0.17497
2.37072, 1.27002, 1.27002, 0.22268, 0.22268, 0.17534, 0.17534
2.37734, 1.26872, 1.26872, 0.22115, 0.22115, 0.17431, 0.17431
2.38396, 1.26518, 1.26518, 0.21977, 0.21977, 0.17370, 0.17370
2.39058, 1.26089, 1.26089, 0.21878, 0.21878, 0.17351, 0.17351
2.39720, 1.26041, 1.26041, 0.21846, 0.21846, 0.17332, 0.17332
2.40382, 1.25704, 1.25704, 0.21821, 0.21821, 0.17359, 0.17359
2.41044, 1.25353, 1.25353, 0.21791, 0.21791, 0.17384, 0.17384
2.41706, 1.25309, 1.25309, 0.21838, 0.21838, 0.17427, 0.17427
2.42368, 1.25103, 1.25103, 0.21747, 0.21747, 0.17383, 0.17383
2.43030, 1.24863, 1.24863, 0.21694, 0.21694, 0.17374, 0.17374
2.43692, 1.24699, 1.24699, 0.21697, 0.21697, 0.17399, 0.17399
2.44354, 1.24663, 1.24663, 0.21696, 0.21696, 0.17404, 0.17404
2.45017, 1.24461, 1.24461, 0.21694, 0.21694, 0.17430, 0.17430
2.45679, 1.24429, 1.24429, 0.21591, 0.21591, 0.17352, 0.17352
2.46341, 1.24329, 1.24329, 0.21601, 0.21601, 0.17374, 0.17374
2.47003, 1.24239, 1.24239, 0.21534, 0.21534, 0.17333, 0.17333
2.47666, 1.24064, 1.24064, 0.21454, 0.21454, 0.17292, 0.17292
2.48328, 1.23839, 1.23839, 0.21388, 0.21388, 0.17271, 0.17271
2.48990, 1.23960, 1.23960, 0.21417, 0.21417, 0.17277, 0.17277
2.49653, 1.23762, 1.23762, 0.21452, 0.21452, 0.17333, 0.17333
2.50312, 1.23705, 1.23705, 0.21399, 0.21399, 0.17298, 0.17298
2.50972, 1.23339, 1.23339, 0.21354, 0.21354, 0.17313, 0.17313
2.51632, 1.23328, 1.23328, 0.21301, 0.21301, 0.17272, 0.17272
2.52292, 1.23068, 1.23068, 0.21242, 0.21242, 0.17261, 0.17261
2.52951, 1.23104, 1.23104, 0.21174, 0.21174, 0.17200, 0.17200
2.53611, 1.23103, 1.23103, 0.21115, 0.21115, 0.17152, 0.17152
2.54271, 1.23033, 1.23033, 0.21088, 0.21088, 0.17140, 0.17140
2.54931, 1.23032, 1.23032, 0.21037, 0.21037, 0.17099, 0.17099
2.55591, 1.22997, 1.22997, 0.20959, 0.20959, 0.17040, 0.17040
2.56251, 1.22672, 1.22672, 0.21001, 0.21001, 0.17119, 0.17119
2.56911, 1.22858, 1.22858, 0.20996, 0.20996, 0.17089, 0.17089
2.57571, 1.22914, 1.22914, 0.20980, 0.20980, 0.17068, 0.17068
2.58231, 1.22620, 1.22620, 0.20971, 0.20971, 0.17102, 0.17102
2.58891, 1.22625, 1.22625, 0.20965, 0.20965, 0.17097, 0.17097
2.59551, 1.22493, 1.22493, 0.20979, 0.20979, 0.17127, 0.17127
2.60212, 1.22463, 1.22463, 0.20938, 0.20938, 0.17097, 0.17097
2.60872, 1.22474, 1.22474, 0.20897, 0.20897, 0.17062, 0.17062
2.61532, 1.22222, 1.22222, 0.20912, 0.20912, 0.17109, 0.17109
2.62192, 1.22072, 1.22072, 0.21047, 0.21047, 0.17242, 0.17242
2.62853, 1.21876, 1.21876, 0.20748, 0.20748, 0.17023, 0.17023
2.63513, 1.22040, 1.22040, 0.20739, 0.20739, 0.16993, 0.16993
2.64174, 1.21551, 1.21551, 0.20391, 0.20391, 0.16776, 0.16776
2.64834, 1.21660, 1.21660, 0.20134, 0.20134, 0.16549, 0.16549
2.65495, 1.21736, 1.21736, 0.19975, 0.19975, 0.16408, 0.16408
2.84004, 1.04522, 1.04522, 0.05311, 0.05311, 0.05081, 0.05081
2.84666, 1.04136, 1.04136, 0.05117, 0.05117, 0.04914, 0.04914
2.85328, 1.03723, 1.03723, 0.04959, 0.04959, 0.04781, 0.04781
2.85989, 1.03858, 1.03858, 0.04819, 0.04819, 0.04640, 0.04640
2.86651, 1.04200, 1.04200, 0.04776, 0.04776, 0.04583, 0.04583
2.87313, 1.04288, 1.04288, 0.04672, 0.04672, 0.04480, 0.04480
2.87975, 1.04357, 1.04357, 0.04628, 0.04628, 0.04435, 0.04435
2.88636, 1.04151, 1.04151, 0.04533, 0.04533, 0.04352, 0.04352
2.89298, 1.03946, 1.03946, 0.04483, 0.04483, 0.04313, 0.04313
2.89960, 1.03844, 1.03844, 0.04414, 0.04414, 0.04251, 0.04251
2.90622, 1.03406, 1.03406, 0.04302, 0.04302, 0.04160, 0.04160
2.91284, 1.02357, 1.02357, 0.04190, 0.04190, 0.04094, 0.04094
2.91946, 1.01282, 1.01282, 0.04077, 0.04077, 0.04025, 0.04025
2.92608, 1.01190, 1.01190, 0.04011, 0.04011, 0.03964, 0.03964
2.93270, 1.01323, 1.01323, 0.03972, 0.03972, 0.03920, 0.03920
2.93932, 1.01273, 1.01273, 0.03968, 0.03968, 0.03918, 0.03918
2.94595, 1.00873, 1.00873, 0.03966, 0.03966, 0.03932, 0.03932
2.95257, 1.01030, 1.01030, 0.03947, 0.03947, 0.03907, 0.03907
2.95919, 1.01423, 1.01423, 0.03972, 0.03972, 0.03916, 0.03916
2.96581, 1.02269, 1.02269, 0.04018, 0.04018, 0.03928, 0.03928
2.97244, 1.02825, 1.02825, 0.04047, 0.04047, 0.03936, 0.03936
2.97906, 1.02752, 1.02752, 0.04069, 0.04069, 0.03960, 0.03960
2.98568, 1.02437, 1.02437, 0.04063, 0.04063, 0.03966, 0.03966
2.99231, 1.02205, 1.02205, 0.04083, 0.04083, 0.03994, 0.03994
2.99893, 1.02267, 1.02267, 0.04129, 0.04129, 0.04037, 0.04037
3.00556, 1.02380, 1.02380, 0.04207, 0.04207, 0.04109, 0.04109
3.01218, 1.02374, 1.02374, 0.04292, 0.04292, 0.04192, 0.04192
3.01881, 1.02119, 1.02119, 0.04351, 0.04351, 0.04261, 0.04261
3.02544, 1.01920, 1.01920, 0.04413, 0.04413, 0.04330, 0.04330
3.03206, 1.01976, 1.01976, 0.04461, 0.04461, 0.04374, 0.04374
3.03869, 1.02395, 1.02395, 0.04514, 0.04514, 0.04408, 0.04408
3.04532, 1.02504, 1.02504, 0.04550, 0.04550, 0.04439, 0.04439
3.05195, 1.02335, 1.02335, 0.04560, 0.04560, 0.04456, 0.04456
3.05857, 1.02015, 1.02015, 0.04589, 0.04589, 0.04499, 0.04499
3.06520, 1.01797, 1.01797, 0.04629, 0.04629, 0.04548, 0.04548
3.07183, 1.01654, 1.01654, 0.04661, 0.04661, 0.04586, 0.04586
3.07846, 1.01434, 1.01434, 0.04694, 0.04694, 0.04628, 0.04628
3.08509, 1.01061, 1.01061, 0.04709, 0.04709, 0.04659, 0.04659
3.09172, 1.00686, 1.00686, 0.04713, 0.04713, 0.04681, 0.04681
3.09835, 1.00702, 1.00702, 0.04722, 0.04722, 0.04689, 0.04689
3.10498, 1.00878, 1.00878, 0.04733, 0.04733, 0.04692, 0.04692
3.11161, 1.01008, 1.01008, 0.04713, 0.04713, 0.04666, 0.04666
3.11825, 1.01051, 1.01051, 0.04706, 0.04706, 0.04657, 0.04657
3.12488, 1.00913, 1.00913, 0.04693, 0.04693, 0.04650, 0.04650
3.13151, 1.00726, 1.00726, 0.04651, 0.04651, 0.04617, 0.04617
3.13814, 1.00735, 1.00735, 0.04625, 0.04625, 0.04591, 0.04591
3.14478, 1.00798, 1.00798, 0.04650, 0.04650, 0.04613, 0.04613
3.15141, 1.00720, 1.00720, 0.04725, 0.04725, 0.04692, 0.04692
3.15804, 1.00888, 1.00888, 0.04845, 0.04845, 0.04802, 0.04802
3.16468, 1.01465, 1.01465, 0.04989, 0.04989, 0.04917, 0.04917
3.17131, 1.02163, 1.02163, 0.05111, 0.05111, 0.05003, 0.05003
3.17795, 1.02568, 1.02568, 0.05213, 0.05213, 0.05082, 0.05082
3.18458, 1.02830, 1.02830, 0.05307, 0.05307, 0.05161, 0.05161
3.19122, 1.03212, 1.03212, 0.05408, 0.05408, 0.05240, 0.05240
3.19785, 1.03258, 1.03258, 0.05521, 0.05521, 0.05347, 0.05347
3.20449, 1.02780, 1.02780, 0.05634, 0.05634, 0.05482, 0.05482
3.21113, 1.02367, 1.02367, 0.05722, 0.05722, 0.05589, 0.05589
3.21776, 1.02300, 1.02300, 0.05825, 0.05825, 0.05694, 0.05694
3.22440, 1.02608, 1.02608, 0.05960, 0.05960, 0.05809, 0.05809
3.23104, 1.03123, 1.03123, 0.06089, 0.06089, 0.05905, 0.05905
3.23768, 1.03343, 1.03343, 0.06202, 0.06202, 0.06001, 0.06001
3.24432, 1.03255, 1.03255, 0.06342, 0.06342, 0.06142, 0.06142
3.25096, 1.02801, 1.02801, 0.06462, 0.06462, 0.06286, 0.06286
3.25760, 1.02686, 1.02686, 0.06582, 0.06582, 0.06410, 0.06410
3.26424, 1.02823, 1.02823, 0.06710, 0.06710, 0.06526, 0.06526
3.27088, 1.03195, 1.03195, 0.06898, 0.06898, 0.06684, 0.06684
3.27752, 1.03500, 1.03500, 0.07138, 0.07138, 0.06897, 0.06897
3.28416, 1.03599, 1.03599, 0.07406, 0.07406, 0.07149, 0.07149
3.29080, 1.03571, 1.03571, 0.07692, 0.07692, 0.07426, 0.07426
3.29744, 1.03747, 1.03747, 0.07963, 0.07963, 0.07675, 0.07675
3.30408, 1.04150, 1.04150, 0.08210, 0.08210, 0.07883, 0.07883
3.31073, 1.04852, 1.04852, 0.08540, 0.08540, 0.08144, 0.08144
3.31737, 1.05241, 1.05241, 0.08856, 0.08856, 0.08415, 0.08415
3.32401, 1.05481, 1.05481, 0.09142, 0.09142, 0.08667, 0.08667
3.33066, 1.05750, 1.05750, 0.09400, 0.09400, 0.08889, 0.08889
3.33730, 1.05814, 1.05814, 0.09760, 0.09760, 0.09223, 0.09223
3.34395, 1.05836, 1.05836, 0.10053, 0.10053, 0.09499, 0.09499
3.35059, 1.05772, 1.05772, 0.10302, 0.10302, 0.09740, 0.09740
3.35724, 1.05973, 1.05973, 0.10603, 0.10603, 0.10005, 0.10005
3.36388, 1.06311, 1.06311, 0.10956, 0.10956, 0.10305, 0.10305
3.37053, 1.06452, 1.06452, 0.11250, 0.11250, 0.10568, 0.10568
3.37717, 1.06531, 1.06531, 0.11516, 0.11516, 0.10810, 0.10810
3.38382, 1.06667, 1.06667, 0.11842, 0.11842, 0.11102, 0.11102
3.39047, 1.06755, 1.06755, 0.12119, 0.12119, 0.11353, 0.11353
3.39712, 1.06742, 1.06742, 0.12406, 0.12406, 0.11623, 0.11623
3.40376, 1.06895, 1.06895, 0.12708, 0.12708, 0.11888, 0.11888
3.41041, 1.06950, 1.06950, 0.13064, 0.13064, 0.12215, 0.12215
3.41706, 1.06882, 1.06882, 0.13323, 0.13323, 0.12465, 0.12465
3.42371, 1.06849, 1.06849, 0.13595, 0.13595, 0.12724, 0.12724
3.43036, 1.06973, 1.06973, 0.13956, 0.13956, 0.13046, 0.13046
3.43701, 1.07147, 1.07147, 0.14281, 0.14281, 0.13328, 0.13328
3.44366, 1.07207, 1.07207, 0.14460, 0.14460, 0.13488, 0.13488
3.45031, 1.07164, 1.07164, 0.14683, 0.14683, 0.13701, 0.13701
3.45696, 1.07229, 1.07229, 0.15065, 0.15065, 0.14050, 0.14050
3.46361, 1.07405, 1.07405, 0.15422, 0.15422, 0.14359, 0.14359
3.47026, 1.07387, 1.07387, 0.15658, 0.15658, 0.14581, 0.14581
3.47692, 1.07318, 1.07318, 0.15986, 0.15986, 0.14896, 0.14896
3.48357, 1.07303, 1.07303, 0.16372, 0.16372, 0.15258, 0.15258
3.49022, 1.07426, 1.07426, 0.16641, 0.16641, 0.15491, 0.15491
3.49687, 1.07564, 1.07564, 0.16840, 0.16840, 0.15655, 0.15655
3.50353, 1.07639, 1.07639, 0.17209, 0.17209, 0.15988, 0.15988
3.51018, 1.07646, 1.07646, 0.17710, 0.17710, 0.16452, 0.16452
3.51684, 1.07432, 1.07432, 0.18042, 0.18042, 0.16794, 0.16794
3.52349, 1.07132, 1.07132, 0.18385, 0.18385, 0.17161, 0.17161
3.53015, 1.06880, 1.06880, 0.18917, 0.18917, 0.17699, 0.17699
3.53680, 1.07003, 1.07003, 0.19407, 0.19407, 0.18137, 0.18137
3.54346, 1.07628, 1.07628, 0.19685, 0.19685, 0.18289, 0.18289
3.55011, 1.08140, 1.08140, 0.19983, 0.19983, 0.18479, 0.18479
3.55677, 1.08419, 1.08419, 0.20551, 0.20551, 0.18955, 0.18955
3.56343, 1.08473, 1.08473, 0.20998, 0.20998, 0.19358, 0.19358
3.57008, 1.08562, 1.08562, 0.21169, 0.21169, 0.19499, 0.19499
3.57674, 1.08803, 1.08803, 0.21356, 0.21356, 0.19628, 0.19628
3.58340, 1.09073, 1.09073, 0.21886, 0.21886, 0.20065, 0.20065
3.59006, 1.09161, 1.09161, 0.22288, 0.22288, 0.20418, 0.20418
3.59672, 1.09110, 1.09110, 0.22375, 0.22375, 0.20507, 0.20507
3.60338, 1.09225, 1.09225, 0.22530, 0.22530, 0.20627, 0.20627
3.61004, 1.09225, 1.09225, 0.22999, 0.22999, 0.21056, 0.21056
3.61670, 1.09288, 1.09288, 0.23292, 0.23292, 0.21313, 0.21313
3.62336, 1.09504, 1.09504, 0.23297, 0.23297, 0.21275, 0.21275
3.63002, 1.09692, 1.09692, 0.23517, 0.23517, 0.21439, 0.21439
3.63668, 1.09691, 1.09691, 0.24155, 0.24155, 0.22021, 0.22021
3.64334, 1.09664, 1.09664, 0.24650, 0.24650, 0.22478, 0.22478
3.65000, 1.09503, 1.09503, 0.24526, 0.24526, 0.22397, 0.22397
3.65667, 1.09590, 1.09590, 0.24450, 0.24450, 0.22311, 0.22311
3.66333, 1.09717, 1.09717, 0.24862, 0.24862, 0.22660, 0.22660
3.66999, 1.09688, 1.09688, 0.25223, 0.25223, 0.22995, 0.22995
3.67665, 1.09231, 1.09231, 0.25091, 0.25091, 0.22970, 0.22970
3.68332, 1.08961, 1.08961, 0.25056, 0.25056, 0.22995, 0.22995
3.68998, 1.09026, 1.09026, 0.25562, 0.25562, 0.23446, 0.23446
3.69665, 1.09082, 1.09082, 0.26137, 0.26137, 0.23960, 0.23960
3.70331, 1.08989, 1.08989, 0.26064, 0.26064, 0.23914, 0.23914
3.70998, 1.08898, 1.08898, 0.25894, 0.25894, 0.23778, 0.23778
3.71664, 1.09005, 1.09005, 0.26160, 0.26160, 0.23999, 0.23999
3.72331, 1.09220, 1.09220, 0.26730, 0.26730, 0.24473, 0.24473
3.72998, 1.09234, 1.09234, 0.26818, 0.26818, 0.24551, 0.24551
3.73664, 1.09104, 1.09104, 0.26579, 0.26579, 0.24361, 0.24361
3.74331, 1.08959, 1.08959, 0.26637, 0.26637, 0.24447, 0.24447
3.74998, 1.08849, 1.08849, 0.27106, 0.27106, 0.24902, 0.24902
3.75665, 1.08757, 1.08757, 0.27280, 0.27280, 0.25084, 0.25084
3.76331, 1.08523, 1.08523, 0.26940, 0.26940, 0.24824, 0.24824
3.76998, 1.08241, 1.08241, 0.26798, 0.26798, 0.24758, 0.24758
3.77665, 1.08280, 1.08280, 0.27304, 0.27304, 0.25216, 0.25216
3.78332, 1.08119, 1.08119, 0.27674, 0.27674, 0.25596, 0.25596
3.78999, 1.08306, 1.08306, 0.27540, 0.27540, 0.25428, 0.25428
3.79666, 1.08066, 1.08066, 0.27285, 0.27285, 0.25249, 0.25249
3.80333, 1.08108, 1.08108, 0.27548, 0.27548, 0.25482, 0.25482
3.81000, 1.08110, 1.08110, 0.28048, 0.28048, 0.25944, 0.25944
3.81667, 1.08078, 1.08078, 0.28147, 0.28147, 0.26043, 0.26043
3.82335, 1.07879, 1.07879, 0.27789, 0.27789, 0.25759, 0.25759
3.83002, 1.07713, 1.07713, 0.27767, 0.27767, 0.25779, 0.25779
3.83669, 1.07625, 1.07625, 0.28274, 0.28274, 0.26271, 0.26271
3.84336, 1.07379, 1.07379, 0.28663, 0.28663, 0.26693, 0.26693
3.85004, 1.07095, 1.07095, 0.28374, 0.28374, 0.26495, 0.26495
3.85671, 1.06739, 1.06739, 0.27866, 0.27866, 0.26107, 0.26107
3.86339, 1.06453, 1.06453, 0.28028, 0.28028, 0.26329, 0.26329
3.87006, 1.06609, 1.06609, 0.28705, 0.28705, 0.26926, 0.26926
3.87673, 1.06698, 1.06698, 0.29097, 0.29097, 0.27271, 0.27271
3.88341, 1.06653, 1.06653, 0.28971, 0.28971, 0.27164, 0.27164
3.89008, 1.06437, 1.06437, 0.28841, 0.28841, 0.27097, 0.27097
3.89676, 1.06406, 1.06406, 0.29305, 0.29305, 0.27541, 0.27541
