0.43613, 0.94506, 0.94506, 0.06601, 0.06601, 0.06985, 0.06985
0.44263, 0.94565, 0.94565, 0.06654, 0.06654, 0.07037, 0.07037
0.44914, 0.94761, 0.94761, 0.06764, 0.06764, 0.07137, 0.07137
0.45564, 0.94847, 0.94847, 0.07065, 0.07065, 0.07449, 0.07449
0.46215, 0.94879, 0.94879, 0.07061, 0.07061, 0.07442, 0.07442
0.46865, 0.94992, 0.94992, 0.07310, 0.07310, 0.07696, 0.07696
0.47516, 0.94983, 0.94983, 0.07515, 0.07515, 0.07911, 0.07911
0.48167, 0.94928, 0.94928, 0.07784, 0.07784, 0.08200, 0.08200
0.48817, 0.94933, 0.94933, 0.07914, 0.07914, 0.08337, 0.08337
0.49468, 0.94945, 0.94945, 0.08247, 0.08247, 0.08686, 0.08686
0.50119, 0.94651, 0.94651, 0.08442, 0.08442, 0.08919, 0.08919
0.50770, 0.94344, 0.94344, 0.08612, 0.08612, 0.09128, 0.09128
0.51421, 0.94337, 0.94337, 0.08853, 0.08853, 0.09384, 0.09384
0.52072, 0.94462, 0.94462, 0.09085, 0.09085, 0.09617, 0.09617
0.52723, 0.94755, 0.94755, 0.09192, 0.09192, 0.09701, 0.09701
0.53374, 0.94361, 0.94361, 0.09694, 0.09694, 0.10273, 0.10273
0.54025, 0.94493, 0.94493, 0.09902, 0.09902, 0.10479, 0.10479
0.54676, 0.93808, 0.93808, 0.10142, 0.10142, 0.10811, 0.10811
0.55327, 0.94072, 0.94072, 0.10604, 0.10604, 0.11273, 0.11273
0.55978, 0.94149, 0.94149, 0.11166, 0.11166, 0.11860, 0.11860
0.56629, 0.94168, 0.94168, 0.11862, 0.11862, 0.12596, 0.12596
0.57281, 0.94488, 0.94488, 0.12459, 0.12459, 0.13185, 0.13185
0.57932, 0.94663, 0.94663, 0.12961, 0.12961, 0.13692, 0.13692
0.58583, 0.94821, 0.94821, 0.13625, 0.13625, 0.14369, 0.14369
0.59235, 0.94935, 0.94935, 0.14049, 0.14049, 0.14799, 0.14799
0.59886, 0.95171, 0.95171, 0.14411, 0.14411, 0.15142, 0.15142
0.60538, 0.95237, 0.95237, 0.14649, 0.14649, 0.15381, 0.15381
0.61189, 0.95525, 0.95525, 0.15354, 0.15354, 0.16073, 0.16073
0.61841, 0.95182, 0.95182, 0.15512, 0.15512, 0.16297, 0.16297
0.62492, 0.95150, 0.95150, 0.16117, 0.16117, 0.16938, 0.16938
0.63144, 0.95212, 0.95212, 0.16120, 0.16120, 0.16930, 0.16930
0.70968, 0.96409, 0.96409, 0.17933, 0.17933, 0.18601, 0.18601
0.71620, 0.96660, 0.96660, 0.18015, 0.18015, 0.18637, 0.18637
0.72272, 0.96875, 0.96875, 0.18293, 0.18293, 0.18883, 0.18883
0.72925, 0.98461, 0.97154, 0.18495, 0.18566, 0.18784, 0.19109
0.73577, 0.98688, 0.97323, 0.18267, 0.18340, 0.18510, 0.18844
0.74230, 0.99066, 0.97639, 0.18149, 0.18224, 0.18320, 0.18665
0.74882, 0.99178, 0.97691, 0.18069, 0.18147, 0.18219, 0.18576
0.75535, 0.99134, 0.97586, 0.18132, 0.18213, 0.18290, 0.18663
0.76187, 0.99029, 0.97420, 0.18139, 0.18223, 0.18316, 0.18706
0.76840, 0.99283, 0.97606, 0.18086, 0.18174, 0.18217, 0.18620
0.77492, 0.98722, 0.96988, 0.18098, 0.18189, 0.18332, 0.18754
0.78145, 0.98322, 0.96527, 0.17873, 0.17966, 0.18178, 0.18613
0.78798, 0.98119, 0.96258, 0.17822, 0.17920, 0.18164, 0.18616
0.79451, 0.97844, 0.95917, 0.17571, 0.17671, 0.17958, 0.18423
0.80104, 0.97718, 0.95720, 0.17386, 0.17488, 0.17792, 0.18270
0.80756, 0.97736, 0.95662, 0.17296, 0.17401, 0.17696, 0.18190
0.81409, 0.97429, 0.95285, 0.17254, 0.17364, 0.17710, 0.18223
0.82062, 0.97216, 0.94996, 0.17180, 0.17292, 0.17672, 0.18203
0.82715, 0.97228, 0.94927, 0.17002, 0.17118, 0.17487, 0.18033
0.83368, 0.97098, 0.94715, 0.16933, 0.17053, 0.17439, 0.18004
0.84022, 0.96954, 0.94489, 0.16861, 0.16984, 0.17391, 0.17975
0.84675, 0.97041, 0.94485, 0.16677, 0.16803, 0.17185, 0.17784
0.85328, 0.97135, 0.94486, 0.16545, 0.16675, 0.17033, 0.17648
0.85981, 0.97184, 0.94440, 0.16255, 0.16387, 0.16726, 0.17352
0.86634, 0.97091, 0.94254, 0.16467, 0.16606, 0.16961, 0.17618
0.87288, 0.97349, 0.94405, 0.16199, 0.16340, 0.16640, 0.17308
0.87941, 0.97631, 0.94577, 0.16000, 0.16144, 0.16388, 0.17070
0.88595, 0.97756, 0.94594, 0.15940, 0.16089, 0.16306, 0.17008
0.89248, 0.97973, 0.94697, 0.16081, 0.16235, 0.16413, 0.17144
0.89902, 0.98102, 0.94711, 0.15892, 0.16050, 0.16199, 0.16946
0.90555, 0.98355, 0.94843, 0.15748, 0.15910, 0.16012, 0.16775
0.91209, 0.98638, 0.94999, 0.15664, 0.15830, 0.15880, 0.16663
0.91862, 0.99216, 0.95435, 0.15810, 0.15983, 0.15935, 0.16748
0.92516, 0.99287, 0.95381, 0.15711, 0.15888, 0.15823, 0.16658
0.93170, 0.99966, 0.95905, 0.15595, 0.15777, 0.15600, 0.16450
0.93824, 1.00529, 0.96315, 0.15642, 0.15831, 0.15560, 0.16436
0.94477, 1.00971, 0.96603, 0.15707, 0.15903, 0.15556, 0.16462
0.95131, 1.01492, 0.96963, 0.15846, 0.16049, 0.15613, 0.16552
0.95785, 1.02280, 0.97573, 0.15879, 0.16089, 0.15525, 0.16489
0.96439, 1.03114, 0.98221, 0.16072, 0.16291, 0.15586, 0.16586
0.97093, 1.03723, 0.98649, 0.16072, 0.16298, 0.15495, 0.16521
0.97747, 1.04788, 0.99505, 0.16177, 0.16412, 0.15438, 0.16493
0.98401, 1.05510, 1.00028, 0.16065, 0.16305, 0.15226, 0.16300
0.99055, 1.06336, 1.00645, 0.16222, 0.16472, 0.15255, 0.16366
0.99710, 1.06995, 1.01096, 0.16523, 0.16785, 0.15443, 0.16603
1.00364, 1.08257, 1.02110, 0.16851, 0.17127, 0.15566, 0.16773
1.01018, 1.08039, 1.01722, 0.16841, 0.17124, 0.15588, 0.16834
1.04720, 1.11691, 1.11691, 0.18208, 0.18208, 0.16302, 0.16302
1.05375, 1.12047, 1.12047, 0.18528, 0.18528, 0.16536, 0.16536
1.06030, 1.12260, 1.12260, 0.18549, 0.18549, 0.16523, 0.16523
1.06685, 1.12325, 1.12325, 0.18657, 0.18657, 0.16610, 0.16610
1.07341, 1.12495, 1.12495, 0.18974, 0.18974, 0.16867, 0.16867
1.07996, 1.12700, 1.12700, 0.19049, 0.19049, 0.16902, 0.16902
1.08651, 1.14113, 1.14113, 0.19351, 0.19351, 0.16958, 0.16958
1.09307, 1.14616, 1.14616, 0.19568, 0.19568, 0.17073, 0.17073
1.09962, 1.15234, 1.15234, 0.19791, 0.19791, 0.17175, 0.17175
1.10617, 1.15699, 1.15699, 0.20047, 0.20047, 0.17326, 0.17326
1.11273, 1.16234, 1.16234, 0.20280, 0.20280, 0.17448, 0.17448
1.11928, 1.17210, 1.17210, 0.20536, 0.20536, 0.17521, 0.17521
1.12584, 1.17841, 1.17841, 0.20774, 0.20774, 0.17629, 0.17629
1.13239, 1.18991, 1.18991, 0.20991, 0.20991, 0.17641, 0.17641
1.13895, 1.19245, 1.19245, 0.21051, 0.21051, 0.17654, 0.17654
1.14551, 1.20004, 1.20004, 0.21248, 0.21248, 0.17706, 0.17706
1.15206, 1.20738, 1.20738, 0.21490, 0.21490, 0.17799, 0.17799
1.15862, 1.21507, 1.21507, 0.21624, 0.21624, 0.17796, 0.17796
1.16518, 1.21654, 1.21654, 0.21815, 0.21815, 0.17932, 0.17932
1.17173, 1.22066, 1.22066, 0.21931, 0.21931, 0.17967, 0.17967
1.17829, 1.22660, 1.22660, 0.22036, 0.22036, 0.17965, 0.17965
1.18485, 1.23206, 1.23206, 0.22411, 0.22411, 0.18190, 0.18190
1.19141, 1.23875, 1.23875, 0.22562, 0.22562, 0.18213, 0.18213
1.19797, 1.24262, 1.24262, 0.22572, 0.22572, 0.18164, 0.18164
1.20453, 1.24538, 1.24538, 0.22560, 0.22560, 0.18115, 0.18115
1.21109, 1.24868, 1.24868, 0.22637, 0.22637, 0.18128, 0.18128
1.21765, 1.25356, 1.25356, 0.22797, 0.22797, 0.18186, 0.18186
1.22421, 1.25438, 1.25438, 0.22887, 0.22887, 0.18246, 0.18246
1.23077, 1.26364, 1.26364, 0.23199, 0.23199, 0.18358, 0.18358
1.23733, 1.26338, 1.26338, 0.23251, 0.23251, 0.18403, 0.18403
1.24389, 1.26495, 1.26495, 0.23289, 0.23289, 0.18411, 0.18411
1.25045, 1.26877, 1.26877, 0.23434, 0.23434, 0.18469, 0.18469
1.25701, 1.27322, 1.27322, 0.23446, 0.23446, 0.18415, 0.18415
1.26357, 1.27160, 1.27160, 0.23689, 0.23689, 0.18629, 0.18629
1.27014, 1.26704, 1.26704, 0.23904, 0.23904, 0.18866, 0.18866
1.27670, 1.27755, 1.27755, 0.23961, 0.23961, 0.18755, 0.18755
1.28326, 1.27824, 1.27824, 0.23893, 0.23893, 0.18692, 0.18692
1.28983, 1.28412, 1.28412, 0.24042, 0.24042, 0.18723, 0.18723
1.29639, 1.28621, 1.28621, 0.24277, 0.24277, 0.18874, 0.18874
1.30295, 1.28776, 1.28776, 0.24388, 0.24388, 0.18939, 0.18939
1.30952, 1.29109, 1.29109, 0.24323, 0.24323, 0.18839, 0.18839
1.31608, 1.29227, 1.29227, 0.24519, 0.24519, 0.18974, 0.18974
1.32265, 1.29093, 1.29093, 0.24792, 0.24792, 0.19205, 0.19205
1.32921, 1.29816, 1.29816, 0.24711, 0.24711, 0.19035, 0.19035
1.33578, 1.29699, 1.29699, 0.24817, 0.24817, 0.19134, 0.19134
1.34234, 1.30310, 1.30310, 0.25075, 0.25075, 0.19243, 0.19243
1.34891, 1.30558, 1.30558, 0.25332, 0.25332, 0.19403, 0.19403
1.35548, 1.30784, 1.30784, 0.25590, 0.25590, 0.19567, 0.19567
1.36205, 1.31111, 1.31111, 0.25717, 0.25717, 0.19615, 0.19615
1.36861, 1.30790, 1.30790, 0.25633, 0.25633, 0.19599, 0.19599
1.37518, 1.30772, 1.30772, 0.25726, 0.25726, 0.19672, 0.19672
1.38175, 1.31061, 1.31061, 0.26036, 0.26036, 0.19865, 0.19865
1.38832, 1.31162, 1.31162, 0.25922, 0.25922, 0.19763, 0.19763
1.39489, 1.31217, 1.31217, 0.26023, 0.26023, 0.19832, 0.19832
1.40145, 1.31231, 1.31231, 0.26152, 0.26152, 0.19928, 0.19928
1.40802, 1.31114, 1.31114, 0.26440, 0.26440, 0.20166, 0.20166
1.41459, 1.31425, 1.31425, 0.26475, 0.26475, 0.20144, 0.20144
1.42116, 1.31523, 1.31523, 0.26554, 0.26554, 0.20189, 0.20189
1.42773, 1.32166, 1.32166, 0.26583, 0.26583, 0.20114, 0.20114
1.43431, 1.32408, 1.32408, 0.26501, 0.26501, 0.20015, 0.20015
1.44088, 1.33285, 1.33285, 0.26523, 0.26523, 0.19899, 0.19899
1.44745, 1.32631, 1.32631, 0.26813, 0.26813, 0.20216, 0.20216
1.45402, 1.32542, 1.32542, 0.26775, 0.26775, 0.20201, 0.20201
1.46059, 1.32726, 1.32726, 0.26896, 0.26896, 0.20264, 0.20264
1.46716, 1.32882, 1.32882, 0.27050, 0.27050, 0.20356, 0.20356
1.47374, 1.33099, 1.33099, 0.26931, 0.26931, 0.20234, 0.20234
1.48031, 1.33111, 1.33111, 0.26949, 0.26949, 0.20246, 0.20246
1.48688, 1.33506, 1.33506, 0.26772, 0.26772, 0.20053, 0.20053
1.49346, 1.33726, 1.33726, 0.27065, 0.27065, 0.20239, 0.20239
1.50003, 1.33836, 1.33836, 0.27089, 0.27089, 0.20241, 0.20241
1.50661, 1.34200, 1.34200, 0.26875, 0.26875, 0.20026, 0.20026
1.51318, 1.34406, 1.34406, 0.27295, 0.27295, 0.20308, 0.20308
1.51976, 1.34845, 1.34845, 0.27370, 0.27370, 0.20298, 0.20298
1.52633, 1.34983, 1.34983, 0.27447, 0.27447, 0.20334, 0.20334
1.53291, 1.35290, 1.35290, 0.27476, 0.27476, 0.20309, 0.20309
1.53948, 1.35294, 1.35294, 0.27484, 0.27484, 0.20314, 0.20314
1.54606, 1.35478, 1.35478, 0.27836, 0.27836, 0.20547, 0.20547
1.55264, 1.35857, 1.35857, 0.27920, 0.27920, 0.20551, 0.20551
1.55921, 1.35571, 1.35571, 0.27899, 0.27899, 0.20579, 0.20579
1.56579, 1.35902, 1.35902, 0.28096, 0.28096, 0.20674, 0.20674
1.57237, 1.36559, 1.36559, 0.27994, 0.27994, 0.20500, 0.20500
1.57895, 1.36582, 1.36582, 0.27971, 0.27971, 0.20479, 0.20479
1.58552, 1.36353, 1.36353, 0.28236, 0.28236, 0.20708, 0.20708
1.59210, 1.36542, 1.36542, 0.28019, 0.28019, 0.20521, 0.20521
1.59868, 1.36716, 1.36716, 0.28163, 0.28163, 0.20599, 0.20599
1.60526, 1.37355, 1.37355, 0.28185, 0.28185, 0.20520, 0.20520
1.61184, 1.37424, 1.37424, 0.28335, 0.28335, 0.20619, 0.20619
1.61842, 1.37522, 1.37522, 0.28467, 0.28467, 0.20700, 0.20700
1.62500, 1.37330, 1.37330, 0.28453, 0.28453, 0.20718, 0.20718
1.63158, 1.37444, 1.37444, 0.28691, 0.28691, 0.20874, 0.20874
1.63816, 1.37862, 1.37862, 0.28494, 0.28494, 0.20668, 0.20668
1.64474, 1.38366, 1.38366, 0.28593, 0.28593, 0.20664, 0.20664
1.67107, 1.39203, 1.39203, 0.28817, 0.28817, 0.20701, 0.20701
1.67766, 1.38396, 1.38396, 0.28717, 0.28717, 0.20750, 0.20750
1.68424, 1.38353, 1.38353, 0.28771, 0.28771, 0.20796, 0.20796
1.69082, 1.38874, 1.38874, 0.28965, 0.28965, 0.20857, 0.20857
1.69741, 1.39116, 1.39116, 0.28993, 0.28993, 0.20841, 0.20841
1.70399, 1.39390, 1.39390, 0.29137, 0.29137, 0.20903, 0.20903
1.71058, 1.39611, 1.39611, 0.29178, 0.29178, 0.20899, 0.20899
1.71716, 1.40424, 1.40424, 0.29196, 0.29196, 0.20791, 0.20791
1.72375, 1.40177, 1.40177, 0.29277, 0.29277, 0.20886, 0.20886
1.73033, 1.40099, 1.40099, 0.29349, 0.29349, 0.20948, 0.20948
1.73692, 1.40631, 1.40631, 0.29315, 0.29315, 0.20845, 0.20845
1.74351, 1.40337, 1.40337, 0.29323, 0.29323, 0.20895, 0.20895
1.75009, 1.40347, 1.40347, 0.29349, 0.29349, 0.20912, 0.20912
1.75668, 1.40676, 1.40676, 0.29424, 0.29424, 0.20916, 0.20916
1.76327, 1.40906, 1.40906, 0.29375, 0.29375, 0.20847, 0.20847
1.76985, 1.41087, 1.41087, 0.29471, 0.29471, 0.20889, 0.20889
1.77644, 1.41249, 1.41249, 0.29386, 0.29386, 0.20804, 0.20804
1.78303, 1.41330, 1.41330, 0.29528, 0.29528, 0.20893, 0.20893
1.78962, 1.41638, 1.41638, 0.29566, 0.29566, 0.20875, 0.20875
1.79621, 1.41714, 1.41714, 0.29593, 0.29593, 0.20882, 0.20882
1.80280, 1.42082, 1.42082, 0.29681, 0.29681, 0.20890, 0.20890
1.80939, 1.41952, 1.41952, 0.29710, 0.29710, 0.20930, 0.20930
1.81598, 1.42607, 1.42607, 0.29829, 0.29829, 0.20917, 0.20917
1.82257, 1.42437, 1.42437, 0.29801, 0.29801, 0.20922, 0.20922
1.82916, 1.42648, 1.42648, 0.29831, 0.29831, 0.20912, 0.20912
1.83575, 1.42990, 1.42990, 0.29937, 0.29937, 0.20936, 0.20936
1.84234, 1.43497, 1.43497, 0.30021, 0.30021, 0.20921, 0.20921
1.84893, 1.42924, 1.42924, 0.29943, 0.29943, 0.20950, 0.20950
1.85552, 1.42934, 1.42934, 0.29983, 0.29983, 0.20977, 0.20977
1.86212, 1.43230, 1.43230, 0.30030, 0.30030, 0.20966, 0.20966
1.86871, 1.43697, 1.43697, 0.30146, 0.30146, 0.20979, 0.20979
1.87530, 1.43206, 1.43206, 0.30059, 0.30059, 0.20990, 0.20990
1.88190, 1.42890, 1.42890, 0.29820, 0.29820, 0.20869, 0.20869
1.88849, 1.42665, 1.42665, 0.29813, 0.29813, 0.20897, 0.20897
1.89508, 1.41909, 1.41909, 0.29715, 0.29715, 0.20939, 0.20939
1.90168, 1.41078, 1.41078, 0.29548, 0.29548, 0.20944, 0.20944
1.90827, 1.40880, 1.40880, 0.29422, 0.29422, 0.20884, 0.20884
1.91487, 1.39727, 1.39727, 0.29269, 0.29269, 0.20947, 0.20947
1.92146, 1.39521, 1.39521, 0.29220, 0.29220, 0.20943, 0.20943
1.92806, 1.39628, 1.39628, 0.29090, 0.29090, 0.20834, 0.20834
1.93465, 1.39823, 1.39823, 0.29280, 0.29280, 0.20941, 0.20941
1.94125, 1.40300, 1.40300, 0.29643, 0.29643, 0.21128, 0.21128
1.94785, 1.41166, 1.41166, 0.29937, 0.29937, 0.21207, 0.21207
1.95444, 1.42492, 1.42492, 0.29605, 0.29605, 0.20777, 0.20777
1.96104, 1.42467, 1.42467, 0.28875, 0.28875, 0.20268, 0.20268
1.96764, 1.42620, 1.42620, 0.29088, 0.29088, 0.20395, 0.20395
1.97424, 1.42615, 1.42615, 0.29421, 0.29421, 0.20630, 0.20630
1.98084, 1.42588, 1.42588, 0.29509, 0.29509, 0.20695, 0.20695
1.98743, 1.42798, 1.42798, 0.29650, 0.29650, 0.20764, 0.20764
1.99403, 1.43492, 1.43492, 0.30058, 0.30058, 0.20947, 0.20947
2.00063, 1.45543, 1.45543, 0.30848, 0.30848, 0.21195, 0.21195
2.00723, 1.42519, 1.42519, 0.29527, 0.29527, 0.20718, 0.20718
2.01383, 1.43008, 1.43008, 0.29388, 0.29388, 0.20550, 0.20550
2.02043, 1.45576, 1.45576, 0.30303, 0.30303, 0.20816, 0.20816
2.02703, 1.45162, 1.45162, 0.30326, 0.30326, 0.20891, 0.20891
2.03363, 1.44861, 1.44861, 0.30134, 0.30134, 0.20802, 0.20802
2.04024, 1.45084, 1.45084, 0.29993, 0.29993, 0.20673, 0.20673
2.04684, 1.45708, 1.45708, 0.30054, 0.30054, 0.20626, 0.20626
2.05344, 1.45792, 1.45792, 0.29721, 0.29721, 0.20386, 0.20386
2.06004, 1.46169, 1.46169, 0.29437, 0.29437, 0.20139, 0.20139
2.06664, 1.45740, 1.45740, 0.29690, 0.29690, 0.20372, 0.20372
2.07325, 1.44829, 1.44829, 0.30151, 0.30151, 0.20818, 0.20818
2.07985, 1.45053, 1.45053, 0.30235, 0.30235, 0.20844, 0.20844
2.08645, 1.44858, 1.44858, 0.30243, 0.30243, 0.20877, 0.20877
2.09306, 1.45067, 1.45067, 0.30377, 0.30377, 0.20940, 0.20940
2.09966, 1.44652, 1.44652, 0.30269, 0.30269, 0.20925, 0.20925
2.10627, 1.45045, 1.45045, 0.30173, 0.30173, 0.20802, 0.20802
2.11287, 1.44869, 1.44869, 0.30164, 0.30164, 0.20822, 0.20822
2.11948, 1.44677, 1.44677, 0.30166, 0.30166, 0.20850, 0.20850
2.12608, 1.44806, 1.44806, 0.30138, 0.30138, 0.20812, 0.20812
2.13269, 1.44384, 1.44384, 0.30117, 0.30117, 0.20859, 0.20859
2.13930, 1.45048, 1.45048, 0.30249, 0.30249, 0.20855, 0.20855
2.14590, 1.44564, 1.44564, 0.30202, 0.30202, 0.20892, 0.20892
2.15251, 1.44336, 1.44336, 0.30184, 0.30184, 0.20912, 0.20912
2.15912, 1.44059, 1.44059, 0.30234, 0.30234, 0.20987, 0.20987
2.16572, 1.44159, 1.44159, 0.30178, 0.30178, 0.20934, 0.20934
2.17233, 1.43554, 1.43554, 0.30146, 0.30146, 0.20999, 0.20999
2.17894, 1.43653, 1.43653, 0.30098, 0.30098, 0.20951, 0.20951
2.18555, 1.43012, 1.43012, 0.30022, 0.30022, 0.20992, 0.20992
2.19216, 1.42624, 1.42624, 0.29971, 0.29971, 0.21014, 0.21014
2.19877, 1.42414, 1.42414, 0.29910, 0.29910, 0.21002, 0.21002
2.20538, 1.42165, 1.42165, 0.29935, 0.29935, 0.21056, 0.21056
2.21199, 1.41928, 1.41928, 0.29922, 0.29922, 0.21082, 0.21082
2.21860, 1.42454, 1.42454, 0.29973, 0.29973, 0.21040, 0.21040
2.22521, 1.42123, 1.42123, 0.29949, 0.29949, 0.21073, 0.21073
2.23182, 1.42255, 1.42255, 0.29977, 0.29977, 0.21072, 0.21072
2.23843, 1.42211, 1.42211, 0.30040, 0.30040, 0.21124, 0.21124
2.24504, 1.42510, 1.42510, 0.30108, 0.30108, 0.21127, 0.21127
2.25165, 1.42155, 1.42155, 0.30018, 0.30018, 0.21116, 0.21116
2.25827, 1.42168, 1.42168, 0.30006, 0.30006, 0.21106, 0.21106
2.26488, 1.42169, 1.42169, 0.29973, 0.29973, 0.21082, 0.21082
2.27149, 1.41923, 1.41923, 0.30070, 0.30070, 0.21188, 0.21188
2.27810, 1.41879, 1.41879, 0.30093, 0.30093, 0.21210, 0.21210
2.28472, 1.41964, 1.41964, 0.30098, 0.30098, 0.21201, 0.21201
2.29133, 1.41470, 1.41470, 0.30118, 0.30118, 0.21289, 0.21289
2.29795, 1.41802, 1.41802, 0.30120, 0.30120, 0.21240, 0.21240
2.30456, 1.41683, 1.41683, 0.30240, 0.30240, 0.21343, 0.21343
2.31118, 1.41977, 1.41977, 0.30120, 0.30120, 0.21214, 0.21214
2.31779, 1.41390, 1.41390, 0.30122, 0.30122, 0.21304, 0.21304
2.32441, 1.41711, 1.41711, 0.30031, 0.30031, 0.21192, 0.21192
2.33102, 1.40906, 1.40906, 0.30043, 0.30043, 0.21321, 0.21321
2.33764, 1.41476, 1.41476, 0.29979, 0.29979, 0.21190, 0.21190
2.34426, 1.41398, 1.41398, 0.30028, 0.30028, 0.21236, 0.21236
2.35087, 1.41157, 1.41157, 0.30014, 0.30014, 0.21262, 0.21262
2.35749, 1.41399, 1.41399, 0.29973, 0.29973, 0.21197, 0.21197
2.36411, 1.40442, 1.40442, 0.29965, 0.29965, 0.21336, 0.21336
2.37072, 1.39836, 1.39836, 0.29836, 0.29836, 0.21336, 0.21336
2.37734, 1.40317, 1.40317, 0.29771, 0.29771, 0.21217, 0.21217
2.38396, 1.39047, 1.39047, 0.29600, 0.29600, 0.21288, 0.21288
2.39058, 1.38185, 1.38185, 0.29504, 0.29504, 0.21351, 0.21351
2.39720, 1.38313, 1.38313, 0.29492, 0.29492, 0.21323, 0.21323
2.40382, 1.38095, 1.38095, 0.29540, 0.29540, 0.21391, 0.21391
2.41044, 1.38000, 1.38000, 0.29654, 0.29654, 0.21488, 0.21488
2.41706, 1.37847, 1.37847, 0.29671, 0.29671, 0.21524, 0.21524
2.42368, 1.38108, 1.38108, 0.29706, 0.29706, 0.21509, 0.21509
2.43030, 1.37670, 1.37670, 0.29656, 0.29656, 0.21541, 0.21541
2.43692, 1.38033, 1.38033, 0.29717, 0.29717, 0.21529, 0.21529
2.44354, 1.37640, 1.37640, 0.29726, 0.29726, 0.21596, 0.21596
2.45017, 1.37798, 1.37798, 0.29714, 0.29714, 0.21563, 0.21563
2.45679, 1.37607, 1.37607, 0.29738, 0.29738, 0.21611, 0.21611
2.46341, 1.36998, 1.36998, 0.29638, 0.29638, 0.21634, 0.21634
2.47003, 1.37596, 1.37596, 0.29743, 0.29743, 0.21616, 0.21616
2.47666, 1.37240, 1.37240, 0.29586, 0.29586, 0.21558, 0.21558
2.48328, 1.37343, 1.37343, 0.29620, 0.29620, 0.21567, 0.21567
2.48990, 1.37055, 1.37055, 0.29698, 0.29698, 0.21669, 0.21669
2.49653, 1.37045, 1.37045, 0.29713, 0.29713, 0.21681, 0.21681
2.50312, 1.37049, 1.37049, 0.29682, 0.29682, 0.21658, 0.21658
2.50972, 1.36004, 1.36004, 0.29610, 0.29610, 0.21771, 0.21771
2.51632, 1.36465, 1.36465, 0.29599, 0.29599, 0.21690, 0.21690
2.52292, 1.36410, 1.36410, 0.29547, 0.29547, 0.21660, 0.21660
2.52951, 1.35956, 1.35956, 0.29430, 0.29430, 0.21647, 0.21647
2.53611, 1.36178, 1.36178, 0.29544, 0.29544, 0.21695, 0.21695
2.54271, 1.35211, 1.35211, 0.29430, 0.29430, 0.21766, 0.21766
2.54931, 1.35664, 1.35664, 0.29446, 0.29446, 0.21705, 0.21705
2.55591, 1.35258, 1.35258, 0.29254, 0.29254, 0.21628, 0.21628
2.56251, 1.36111, 1.36111, 0.29393, 0.29393, 0.21594, 0.21594
2.56911, 1.35646, 1.35646, 0.29402, 0.29402, 0.21676, 0.21676
2.57571, 1.35508, 1.35508, 0.29308, 0.29308, 0.21628, 0.21628
2.58231, 1.35821, 1.35821, 0.29381, 0.29381, 0.21632, 0.21632
2.58891, 1.35729, 1.35729, 0.29542, 0.29542, 0.21765, 0.21765
2.59551, 1.36036, 1.36036, 0.29626, 0.29626, 0.21778, 0.21778
2.60212, 1.35795, 1.35795, 0.29476, 0.29476, 0.21706, 0.21706
2.60872, 1.35501, 1.35501, 0.29620, 0.29620, 0.21859, 0.21859
2.61532, 1.35937, 1.35937, 0.29672, 0.29672, 0.21828, 0.21828
2.62192, 1.35730, 1.35730, 0.29782, 0.29782, 0.21942, 0.21942
2.62853, 1.35462, 1.35462, 0.29509, 0.29509, 0.21784, 0.21784
2.63513, 1.34350, 1.34350, 0.29048, 0.29048, 0.21621, 0.21621
2.64174, 1.34368, 1.34368, 0.28903, 0.28903, 0.21510, 0.21510
2.64834, 1.33816, 1.33816, 0.28261, 0.28261, 0.21119, 0.21119
2.65495, 1.34244, 1.34244, 0.28317, 0.28317, 0.21093, 0.21093
2.84004, 65535.0, 65535.0, 65535.0, 65535.0, 0.07542, 0.07542
2.84666, 0.92703, 0.92703, 0.07029, 0.07029, 0.07582, 0.07582
2.85328, 0.91697, 0.91697, 0.06972, 0.06972, 0.07603, 0.07603
2.85989, 0.90135, 0.90135, 0.06821, 0.06821, 0.07567, 0.07567
2.86651, 0.88627, 0.88627, 0.06692, 0.06692, 0.07551, 0.07551
2.87313, 0.88064, 0.88064, 0.06520, 0.06520, 0.07404, 0.07404
2.87975, 0.88687, 0.88687, 0.06521, 0.06521, 0.07353, 0.07353
2.88636, 0.89094, 0.89094, 0.06401, 0.06401, 0.07184, 0.07184
2.89298, 0.89641, 0.89641, 0.06434, 0.06434, 0.07177, 0.07177
2.89960, 0.91245, 0.91245, 0.06505, 0.06505, 0.07129, 0.07129
2.90622, 0.91576, 0.91576, 0.06488, 0.06488, 0.07085, 0.07085
2.91284, 0.89867, 0.89867, 0.06319, 0.06319, 0.07031, 0.07031
2.91946, 0.88193, 0.88193, 0.06165, 0.06165, 0.06990, 0.06990
2.92608, 0.88170, 0.88170, 0.06085, 0.06085, 0.06901, 0.06901
2.93270, 0.88717, 0.88717, 0.06007, 0.06007, 0.06771, 0.06771
2.93932, 0.89191, 0.89191, 0.05970, 0.05970, 0.06694, 0.06694
2.94595, 0.88807, 0.88807, 0.05878, 0.05878, 0.06619, 0.06619
2.95257, 0.88895, 0.88895, 0.05874, 0.05874, 0.06607, 0.06607
2.95919, 0.88984, 0.88984, 0.05917, 0.05917, 0.06650, 0.06650
2.96581, 0.89615, 0.89615, 0.05999, 0.05999, 0.06694, 0.06694
2.97244, 0.89287, 0.89287, 0.06056, 0.06056, 0.06782, 0.06782
2.97906, 0.88106, 0.88106, 0.05978, 0.05978, 0.06785, 0.06785
2.98568, 0.87657, 0.87657, 0.05943, 0.05943, 0.06780, 0.06780
2.99231, 0.89451, 0.89451, 0.06038, 0.06038, 0.06750, 0.06750
2.99893, 0.91572, 0.91572, 0.06157, 0.06157, 0.06724, 0.06724
3.00556, 0.92171, 0.92171, 0.06258, 0.06258, 0.06790, 0.06790
3.01218, 0.92264, 0.92264, 0.06314, 0.06314, 0.06843, 0.06843
3.01881, 0.92631, 0.92631, 0.06384, 0.06384, 0.06892, 0.06892
3.02544, 0.92384, 0.92384, 0.06478, 0.06478, 0.07012, 0.07012
3.03206, 0.92581, 0.92581, 0.06618, 0.06618, 0.07148, 0.07148
3.03869, 0.93902, 0.93902, 0.06678, 0.06678, 0.07112, 0.07112
3.04532, 0.95866, 0.95866, 0.06702, 0.06702, 0.06991, 0.06991
3.05195, 0.97606, 0.97606, 0.06770, 0.06770, 0.06936, 0.06936
3.05857, 0.98119, 0.98119, 0.06840, 0.06840, 0.06971, 0.06971
3.06520, 0.96762, 0.96762, 0.06817, 0.06817, 0.07045, 0.07045
3.07183, 0.95489, 0.95489, 0.06822, 0.06822, 0.07144, 0.07144
3.07846, 0.95743, 0.95743, 0.06900, 0.06900, 0.07207, 0.07207
3.08509, 0.96371, 0.96371, 0.06983, 0.06983, 0.07246, 0.07246
3.09172, 0.96229, 0.96229, 0.07046, 0.07046, 0.07322, 0.07322
3.09835, 0.95864, 0.95864, 0.07109, 0.07109, 0.07415, 0.07415
3.10498, 0.95887, 0.95887, 0.07131, 0.07131, 0.07437, 0.07437
3.11161, 0.96585, 0.96585, 0.07132, 0.07132, 0.07384, 0.07384
3.11825, 0.97773, 0.97773, 0.07154, 0.07154, 0.07317, 0.07317
3.12488, 0.98422, 0.98422, 0.07150, 0.07150, 0.07265, 0.07265
3.13151, 0.98554, 0.98554, 0.07101, 0.07101, 0.07205, 0.07205
3.13814, 0.99222, 0.99222, 0.07058, 0.07058, 0.07113, 0.07113
3.14478, 0.99524, 0.99524, 0.07110, 0.07110, 0.07144, 0.07144
3.15141, 0.99471, 0.99471, 0.07274, 0.07274, 0.07313, 0.07313
3.15804, 1.01291, 1.01291, 0.07576, 0.07576, 0.07480, 0.07480
3.16468, 1.04659, 1.04659, 0.07843, 0.07843, 0.07494, 0.07494
3.17131, 1.05140, 1.05140, 0.07894, 0.07894, 0.07508, 0.07508
3.17795, 1.04537, 1.04537, 0.07946, 0.07946, 0.07601, 0.07601
3.18458, 1.03117, 1.03117, 0.07969, 0.07969, 0.07728, 0.07728
3.19122, 1.01672, 1.01672, 0.08097, 0.08097, 0.07963, 0.07963
3.19785, 1.00891, 1.00891, 0.08317, 0.08317, 0.08244, 0.08244
3.20449, 1.00628, 1.00628, 0.08450, 0.08450, 0.08397, 0.08397
3.21113, 1.00397, 1.00397, 0.08555, 0.08555, 0.08521, 0.08521
3.21776, 1.00764, 1.00764, 0.08691, 0.08691, 0.08625, 0.08625
3.22440, 1.02175, 1.02175, 0.08911, 0.08911, 0.08721, 0.08721
3.23104, 1.04161, 1.04161, 0.09199, 0.09199, 0.08832, 0.08832
3.23768, 1.05034, 1.05034, 0.09486, 0.09486, 0.09031, 0.09031
3.24432, 1.04789, 1.04789, 0.09586, 0.09586, 0.09148, 0.09148
3.25096, 1.04263, 1.04263, 0.09659, 0.09659, 0.09264, 0.09264
3.25760, 1.04486, 1.04486, 0.09801, 0.09801, 0.09380, 0.09380
3.26424, 1.03876, 1.03876, 0.09856, 0.09856, 0.09488, 0.09488
3.27088, 1.04090, 1.04090, 0.09993, 0.09993, 0.09600, 0.09600
3.27752, 1.04937, 1.04937, 0.10280, 0.10280, 0.09796, 0.09796
3.28416, 1.06289, 1.06289, 0.10736, 0.10736, 0.10100, 0.10100
3.29080, 1.08000, 1.08000, 0.11171, 0.11171, 0.10344, 0.10344
3.29744, 1.08916, 1.08916, 0.11486, 0.11486, 0.10546, 0.10546
3.30408, 1.08528, 1.08528, 0.11776, 0.11776, 0.10851, 0.10851
3.31073, 1.07609, 1.07609, 0.12018, 0.12018, 0.11168, 0.11168
3.31737, 1.07500, 1.07500, 0.12251, 0.12251, 0.11397, 0.11397
3.32401, 1.06907, 1.06907, 0.12492, 0.12492, 0.11685, 0.11685
3.33066, 1.06622, 1.06622, 0.12762, 0.12762, 0.11969, 0.11969
3.33730, 1.07667, 1.07667, 0.13053, 0.13053, 0.12123, 0.12123
3.34395, 1.08626, 1.08626, 0.13264, 0.13264, 0.12211, 0.12211
3.35059, 1.08440, 1.08440, 0.13574, 0.13574, 0.12517, 0.12517
3.35724, 1.08206, 1.08206, 0.13840, 0.13840, 0.12791, 0.12791
3.36388, 1.08447, 1.08447, 0.14199, 0.14199, 0.13093, 0.13093
3.37053, 1.08628, 1.08628, 0.14516, 0.14516, 0.13363, 0.13363
3.37717, 1.08586, 1.08586, 0.14865, 0.14865, 0.13689, 0.13689
3.38382, 1.08908, 1.08908, 0.15142, 0.15142, 0.13903, 0.13903
3.39047, 1.09684, 1.09684, 0.15490, 0.15490, 0.14123, 0.14123
3.39712, 1.10717, 1.10717, 0.15848, 0.15848, 0.14314, 0.14314
3.40376, 1.10751, 1.10751, 0.16141, 0.16141, 0.14574, 0.14574
3.41041, 1.09973, 1.09973, 0.16352, 0.16352, 0.14870, 0.14870
3.41706, 1.09381, 1.09381, 0.16544, 0.16544, 0.15125, 0.15125
3.42371, 1.09271, 1.09271, 0.16937, 0.16937, 0.15500, 0.15500
3.43036, 1.09601, 1.09601, 0.17319, 0.17319, 0.15801, 0.15801
3.43701, 1.09893, 1.09893, 0.17564, 0.17564, 0.15983, 0.15983
3.44366, 1.10082, 1.10082, 0.17847, 0.17847, 0.16212, 0.16212
3.45031, 1.09853, 1.09853, 0.18191, 0.18191, 0.16559, 0.16559
3.45696, 1.09803, 1.09803, 0.18465, 0.18465, 0.16817, 0.16817
3.46361, 1.09839, 1.09839, 0.18740, 0.18740, 0.17062, 0.17062
3.47026, 1.09767, 1.09767, 0.19168, 0.19168, 0.17462, 0.17462
3.47692, 1.09612, 1.09612, 0.19659, 0.19659, 0.17935, 0.17935
3.48357, 1.09768, 1.09768, 0.19972, 0.19972, 0.18194, 0.18194
3.49022, 1.10105, 1.10105, 0.20174, 0.20174, 0.18323, 0.18323
3.49687, 1.10545, 1.10545, 0.20682, 0.20682, 0.18709, 0.18709
3.50353, 1.10919, 1.10919, 0.21333, 0.21333, 0.19233, 0.19233
3.51018, 1.10764, 1.10764, 0.21716, 0.21716, 0.19605, 0.19605
3.51684, 1.10780, 1.10780, 0.22120, 0.22120, 0.19967, 0.19967
3.52349, 1.11190, 1.11190, 0.22883, 0.22883, 0.20580, 0.20580
3.53015, 1.12036, 1.12036, 0.23549, 0.23549, 0.21019, 0.21019
3.53680, 1.11549, 1.11549, 0.23912, 0.23912, 0.21436, 0.21436
3.54346, 1.11256, 1.11256, 0.24307, 0.24307, 0.21848, 0.21848
3.55011, 1.10843, 1.10843, 0.25054, 0.25054, 0.22603, 0.22603
3.55677, 1.10791, 1.10791, 0.25600, 0.25600, 0.23107, 0.23107
3.56343, 1.11520, 1.11520, 0.25953, 0.25953, 0.23272, 0.23272
3.57008, 1.12473, 1.12473, 0.26389, 0.26389, 0.23462, 0.23462
3.57674, 1.12913, 1.12913, 0.27071, 0.27071, 0.23975, 0.23975
3.58340, 1.13030, 1.13030, 0.27550, 0.27550, 0.24374, 0.24374
3.59006, 1.13098, 1.13098, 0.27750, 0.27750, 0.24536, 0.24536
3.59672, 1.13433, 1.13433, 0.28092, 0.28092, 0.24765, 0.24765
3.60338, 1.13695, 1.13695, 0.28626, 0.28626, 0.25178, 0.25178
3.61004, 1.13842, 1.13842, 0.29035, 0.29035, 0.25504, 0.25504
3.61670, 1.13914, 1.13914, 0.29240, 0.29240, 0.25669, 0.25669
3.62336, 1.14008, 1.14008, 0.29603, 0.29603, 0.25965, 0.25965
3.63002, 1.13990, 1.13990, 0.30371, 0.30371, 0.26644, 0.26644
3.63668, 1.13507, 1.13507, 0.30801, 0.30801, 0.27136, 0.27136
3.64334, 1.12990, 1.12990, 0.30802, 0.30802, 0.27261, 0.27261
3.65000, 1.12671, 1.12671, 0.30906, 0.30906, 0.27430, 0.27430
3.65667, 1.12721, 1.12721, 0.31543, 0.31543, 0.27984, 0.27984
3.66333, 1.12568, 1.12568, 0.31993, 0.31993, 0.28421, 0.28421
3.66999, 1.12196, 1.12196, 0.31902, 0.31902, 0.28434, 0.28434
3.67665, 1.12166, 1.12166, 0.31824, 0.31824, 0.28373, 0.28373
3.68332, 1.11932, 1.11932, 0.32392, 0.32392, 0.28939, 0.28939
3.68998, 1.11567, 1.11567, 0.32981, 0.32981, 0.29562, 0.29562
3.69665, 1.11065, 1.11065, 0.33053, 0.33053, 0.29760, 0.29760
3.70331, 1.10680, 1.10680, 0.33060, 0.33060, 0.29870, 0.29870
3.70998, 1.10667, 1.10667, 0.33524, 0.33524, 0.30292, 0.30292
3.71664, 1.10773, 1.10773, 0.34030, 0.34030, 0.30720, 0.30720
3.72331, 1.10684, 1.10684, 0.33988, 0.33988, 0.30707, 0.30707
3.72998, 1.10446, 1.10446, 0.33773, 0.33773, 0.30579, 0.30579
3.73664, 1.10143, 1.10143, 0.34029, 0.34029, 0.30895, 0.30895
3.74331, 1.09831, 1.09831, 0.34639, 0.34639, 0.31539, 0.31539
3.74998, 1.09908, 1.09908, 0.34843, 0.34843, 0.31702, 0.31702
3.75665, 1.09838, 1.09838, 0.34475, 0.34475, 0.31387, 0.31387
3.76331, 1.09398, 1.09398, 0.34423, 0.34423, 0.31466, 0.31466
3.76998, 1.08654, 1.08654, 0.34844, 0.34844, 0.32068, 0.32068
3.77665, 1.08220, 1.08220, 0.35181, 0.35181, 0.32509, 0.32509
3.78332, 1.08183, 1.08183, 0.35051, 0.35051, 0.32400, 0.32400
3.78999, 1.08285, 1.08285, 0.35079, 0.35079, 0.32395, 0.32395
3.79666, 1.08438, 1.08438, 0.35664, 0.35664, 0.32888, 0.32888
3.80333, 1.08392, 1.08392, 0.36183, 0.36183, 0.33382, 0.33382
3.81000, 1.07860, 1.07860, 0.36016, 0.36016, 0.33392, 0.33392
3.81667, 1.06803, 1.06803, 0.35475, 0.35475, 0.33215, 0.33215
3.82335, 1.06023, 1.06023, 0.35380, 0.35380, 0.33370, 0.33370
3.83002, 1.05857, 1.05857, 0.35928, 0.35928, 0.33940, 0.33940
3.83669, 1.05961, 1.05961, 0.36219, 0.36219, 0.34181, 0.34181
3.84336, 1.06413, 1.06413, 0.35921, 0.35921, 0.33756, 0.33756
3.85004, 1.07181, 1.07181, 0.35746, 0.35746, 0.33351, 0.33351
3.85671, 1.07155, 1.07155, 0.36158, 0.36158, 0.33744, 0.33744
3.86339, 1.06162, 1.06162, 0.36536, 0.36536, 0.34415, 0.34415
3.87006, 1.05053, 1.05053, 0.36597, 0.36597, 0.34837, 0.34837
3.87673, 1.03941, 1.03941, 0.36380, 0.36380, 0.35001, 0.35001
3.88341, 1.03221, 1.03221, 0.36265, 0.36265, 0.35133, 0.35133
3.89008, 1.02633, 1.02633, 0.36640, 0.36640, 0.35700, 0.35700
3.89676, 1.02272, 1.02272, 0.37237, 0.37237, 0.36410, 0.36410
