0.43613, 1.03791, 1.03791, 0.05498, 0.05498, 0.05297, 0.05297
0.44263, 1.04451, 1.04451, 0.05481, 0.05481, 0.05248, 0.05248
0.44914, 1.03740, 1.03740, 0.05576, 0.05576, 0.05375, 0.05375
0.45564, 1.04622, 1.04622, 0.05776, 0.05776, 0.05521, 0.05521
0.46215, 1.04324, 1.04324, 0.05808, 0.05808, 0.05567, 0.05567
0.46865, 1.04473, 1.04473, 0.05988, 0.05988, 0.05732, 0.05732
0.47516, 1.04226, 1.04226, 0.06231, 0.06231, 0.05978, 0.05978
0.48167, 1.05122, 1.05122, 0.06424, 0.06424, 0.06111, 0.06111
0.48817, 1.05071, 1.05071, 0.06491, 0.06491, 0.06178, 0.06178
0.49468, 1.05157, 1.05157, 0.06921, 0.06921, 0.06582, 0.06582
0.50119, 1.05167, 1.05167, 0.07009, 0.07009, 0.06665, 0.06665
0.50770, 1.06057, 1.06057, 0.07397, 0.07397, 0.06974, 0.06974
0.51421, 1.05699, 1.05699, 0.07483, 0.07483, 0.07079, 0.07079
0.52072, 1.05985, 1.05985, 0.07874, 0.07874, 0.07429, 0.07429
0.52723, 1.06111, 1.06111, 0.08225, 0.08225, 0.07751, 0.07751
0.53374, 1.06608, 1.06608, 0.08625, 0.08625, 0.08090, 0.08090
0.54025, 1.07164, 1.07164, 0.08768, 0.08768, 0.08182, 0.08182
0.54676, 1.06931, 1.06931, 0.09032, 0.09032, 0.08446, 0.08446
0.55327, 1.07552, 1.07552, 0.09430, 0.09430, 0.08768, 0.08768
0.55978, 1.07856, 1.07856, 0.09936, 0.09936, 0.09212, 0.09212
0.56629, 1.07682, 1.07682, 0.10540, 0.10540, 0.09788, 0.09788
0.57281, 1.07766, 1.07766, 0.11128, 0.11128, 0.10326, 0.10326
0.57932, 1.07739, 1.07739, 0.11604, 0.11604, 0.10770, 0.10770
0.58583, 1.08085, 1.08085, 0.12036, 0.12036, 0.11136, 0.11136
0.59235, 1.08263, 1.08263, 0.12398, 0.12398, 0.11452, 0.11452
0.59886, 1.08518, 1.08518, 0.12677, 0.12677, 0.11682, 0.11682
0.60538, 1.08331, 1.08331, 0.12769, 0.12769, 0.11787, 0.11787
0.61189, 1.08339, 1.08339, 0.13005, 0.13005, 0.12004, 0.12004
0.61841, 1.08457, 1.08457, 0.13162, 0.13162, 0.12136, 0.12136
0.62492, 1.08757, 1.08757, 0.13532, 0.13532, 0.12442, 0.12442
0.63144, 1.08833, 1.08833, 0.13491, 0.13491, 0.12396, 0.12396
0.70968, 1.09382, 1.09382, 0.14496, 0.14496, 0.13252, 0.13252
0.71620, 1.08988, 1.08988, 0.14468, 0.14468, 0.13275, 0.13275
0.72272, 1.09223, 1.09223, 0.14581, 0.14581, 0.13350, 0.13350
0.72925, 1.09428, 1.09147, 0.14676, 0.14417, 0.13411, 0.13209
0.73577, 1.09174, 1.08882, 0.14428, 0.14163, 0.13216, 0.13008
0.74230, 1.09186, 1.08882, 0.14260, 0.13987, 0.13060, 0.12846
0.74882, 1.09118, 1.08802, 0.14274, 0.13990, 0.13081, 0.12858
0.75535, 1.08979, 1.08651, 0.14340, 0.14043, 0.13158, 0.12925
0.76187, 1.08688, 1.08348, 0.14300, 0.13992, 0.13157, 0.12914
0.76840, 1.08990, 1.08636, 0.14123, 0.13807, 0.12958, 0.12709
0.77492, 1.09105, 1.08737, 0.14128, 0.13801, 0.12949, 0.12692
0.78145, 1.08910, 1.08529, 0.13919, 0.13584, 0.12780, 0.12516
0.78798, 1.08982, 1.08586, 0.13876, 0.13529, 0.12732, 0.12459
0.79451, 1.08906, 1.08495, 0.13684, 0.13329, 0.12565, 0.12286
0.80104, 1.08776, 1.08351, 0.13691, 0.13323, 0.12587, 0.12297
0.80756, 1.08741, 1.08300, 0.13651, 0.13270, 0.12553, 0.12253
0.81409, 1.08582, 1.08126, 0.13696, 0.13300, 0.12613, 0.12301
0.82062, 1.08526, 1.08054, 0.13547, 0.13142, 0.12483, 0.12162
0.82715, 1.08610, 1.08121, 0.13472, 0.13055, 0.12404, 0.12074
0.83368, 1.08384, 1.07879, 0.13278, 0.12852, 0.12250, 0.11913
0.84022, 1.08294, 1.07771, 0.13299, 0.12858, 0.12281, 0.11931
0.84675, 1.07837, 1.07299, 0.13123, 0.12673, 0.12169, 0.11811
0.85328, 1.07739, 1.07183, 0.12916, 0.12458, 0.11988, 0.11623
0.85981, 1.07934, 1.07358, 0.13142, 0.12660, 0.12176, 0.11792
0.86634, 1.07603, 1.07010, 0.13047, 0.12553, 0.12125, 0.11731
0.87288, 1.07256, 1.06646, 0.12866, 0.12363, 0.11996, 0.11592
0.87941, 1.07113, 1.06483, 0.12660, 0.12148, 0.11819, 0.11408
0.88595, 1.06762, 1.06115, 0.12670, 0.12141, 0.11867, 0.11442
0.89248, 1.06611, 1.05943, 0.12781, 0.12231, 0.11989, 0.11545
0.89902, 1.06526, 1.05837, 0.12484, 0.11929, 0.11719, 0.11271
0.90555, 1.06365, 1.05656, 0.12327, 0.11762, 0.11589, 0.11132
0.91209, 1.06373, 1.05642, 0.12292, 0.11711, 0.11556, 0.11086
0.91862, 1.05994, 1.05243, 0.12267, 0.11670, 0.11574, 0.11088
0.92516, 1.05799, 1.05026, 0.12119, 0.11511, 0.11455, 0.10960
0.93170, 1.05995, 1.05197, 0.12098, 0.11472, 0.11413, 0.10905
0.93824, 1.05502, 1.04684, 0.12007, 0.11368, 0.11381, 0.10859
0.94477, 1.05354, 1.04513, 0.12005, 0.11347, 0.11395, 0.10857
0.95131, 1.05491, 1.04624, 0.12052, 0.11371, 0.11425, 0.10869
0.95785, 1.05425, 1.04534, 0.11918, 0.11226, 0.11305, 0.10739
0.96439, 1.05021, 1.04108, 0.11909, 0.11196, 0.11339, 0.10755
0.97093, 1.04678, 1.03742, 0.11726, 0.11005, 0.11202, 0.10608
0.97747, 1.04800, 1.03836, 0.11653, 0.10916, 0.11120, 0.10513
0.98401, 1.04523, 1.03535, 0.11375, 0.10635, 0.10882, 0.10272
0.99055, 1.04095, 1.03083, 0.11364, 0.10604, 0.10917, 0.10287
0.99710, 1.04163, 1.03123, 0.11399, 0.10616, 0.10944, 0.10295
1.00364, 1.04305, 1.03235, 0.11208, 0.10417, 0.10745, 0.10090
1.01018, 1.04493, 1.03392, 0.10949, 0.10156, 0.10478, 0.09822
1.04720, 1.03444, 1.03444, 0.10847, 0.10847, 0.10486, 0.10486
1.05375, 1.03509, 1.03509, 0.10678, 0.10678, 0.10316, 0.10316
1.06030, 1.03445, 1.03445, 0.10640, 0.10640, 0.10286, 0.10286
1.06685, 1.03376, 1.03376, 0.10506, 0.10506, 0.10163, 0.10163
1.07341, 1.03345, 1.03345, 0.10472, 0.10472, 0.10133, 0.10133
1.07996, 1.03358, 1.03358, 0.10397, 0.10397, 0.10059, 0.10059
1.08651, 1.03257, 1.03257, 0.10433, 0.10433, 0.10103, 0.10103
1.09307, 1.03484, 1.03484, 0.10506, 0.10506, 0.10152, 0.10152
1.09962, 1.03306, 1.03306, 0.10535, 0.10535, 0.10198, 0.10198
1.10617, 1.03186, 1.03186, 0.10567, 0.10567, 0.10240, 0.10240
1.11273, 1.03040, 1.03040, 0.10520, 0.10520, 0.10210, 0.10210
1.11928, 1.02873, 1.02873, 0.10496, 0.10496, 0.10202, 0.10202
1.12584, 1.02992, 1.02992, 0.10541, 0.10541, 0.10235, 0.10235
1.13239, 1.02844, 1.02844, 0.10593, 0.10593, 0.10300, 0.10300
1.13895, 1.02396, 1.02396, 0.10545, 0.10545, 0.10299, 0.10299
1.14551, 1.02911, 1.02911, 0.10584, 0.10584, 0.10285, 0.10285
1.15206, 1.02712, 1.02712, 0.10591, 0.10591, 0.10312, 0.10312
1.15862, 1.02735, 1.02735, 0.10574, 0.10574, 0.10292, 0.10292
1.16518, 1.02886, 1.02886, 0.10588, 0.10588, 0.10291, 0.10291
1.17173, 1.02854, 1.02854, 0.10572, 0.10572, 0.10278, 0.10278
1.17829, 1.02678, 1.02678, 0.10496, 0.10496, 0.10223, 0.10223
1.18485, 1.02738, 1.02738, 0.10581, 0.10581, 0.10299, 0.10299
1.19141, 1.02621, 1.02621, 0.10520, 0.10520, 0.10252, 0.10252
1.19797, 1.02696, 1.02696, 0.10470, 0.10470, 0.10195, 0.10195
1.20453, 1.02996, 1.02996, 0.10418, 0.10418, 0.10115, 0.10115
1.21109, 1.02806, 1.02806, 0.10451, 0.10451, 0.10166, 0.10166
1.21765, 1.03077, 1.03077, 0.10406, 0.10406, 0.10095, 0.10095
1.22421, 1.02924, 1.02924, 0.10436, 0.10436, 0.10139, 0.10139
1.23077, 1.03086, 1.03086, 0.10520, 0.10520, 0.10205, 0.10205
1.23733, 1.03081, 1.03081, 0.10545, 0.10545, 0.10230, 0.10230
1.24389, 1.03267, 1.03267, 0.10583, 0.10583, 0.10248, 0.10248
1.25045, 1.03356, 1.03356, 0.10672, 0.10672, 0.10326, 0.10326
1.25701, 1.03629, 1.03629, 0.10656, 0.10656, 0.10283, 0.10283
1.26357, 1.03464, 1.03464, 0.10688, 0.10688, 0.10330, 0.10330
1.27014, 1.03772, 1.03772, 0.10816, 0.10816, 0.10422, 0.10422
1.27670, 1.03702, 1.03702, 0.10762, 0.10762, 0.10378, 0.10378
1.28326, 1.04075, 1.04075, 0.10817, 0.10817, 0.10393, 0.10393
1.28983, 1.04085, 1.04085, 0.10872, 0.10872, 0.10445, 0.10445
1.29639, 1.04520, 1.04520, 0.10925, 0.10925, 0.10453, 0.10453
1.30295, 1.04775, 1.04775, 0.10954, 0.10954, 0.10455, 0.10455
1.30952, 1.04844, 1.04844, 0.10940, 0.10940, 0.10434, 0.10434
1.31608, 1.05305, 1.05305, 0.10988, 0.10988, 0.10434, 0.10434
1.32265, 1.05275, 1.05275, 0.11117, 0.11117, 0.10560, 0.10560
1.32921, 1.05830, 1.05830, 0.11158, 0.11158, 0.10543, 0.10543
1.33578, 1.05981, 1.05981, 0.11199, 0.11199, 0.10567, 0.10567
1.34234, 1.06330, 1.06330, 0.11282, 0.11282, 0.10611, 0.10611
1.34891, 1.06388, 1.06388, 0.11325, 0.11325, 0.10645, 0.10645
1.35548, 1.06948, 1.06948, 0.11384, 0.11384, 0.10645, 0.10645
1.36205, 1.07298, 1.07298, 0.11424, 0.11424, 0.10647, 0.10647
1.36861, 1.07784, 1.07784, 0.11389, 0.11389, 0.10566, 0.10566
1.37518, 1.08194, 1.08194, 0.11512, 0.11512, 0.10640, 0.10640
1.38175, 1.08407, 1.08407, 0.11583, 0.11583, 0.10685, 0.10685
1.38832, 1.08426, 1.08426, 0.11529, 0.11529, 0.10633, 0.10633
1.39489, 1.08778, 1.08778, 0.11655, 0.11655, 0.10714, 0.10714
1.40145, 1.09041, 1.09041, 0.11721, 0.11721, 0.10749, 0.10749
1.40802, 1.09550, 1.09550, 0.11835, 0.11835, 0.10803, 0.10803
1.41459, 1.09743, 1.09743, 0.11928, 0.11928, 0.10869, 0.10869
1.42116, 1.10468, 1.10468, 0.12098, 0.12098, 0.10951, 0.10951
1.42773, 1.10885, 1.10885, 0.12137, 0.12137, 0.10945, 0.10945
1.43431, 1.11503, 1.11503, 0.12205, 0.12205, 0.10946, 0.10946
1.44088, 1.11777, 1.11777, 0.12122, 0.12122, 0.10845, 0.10845
1.44745, 1.12505, 1.12505, 0.12366, 0.12366, 0.10992, 0.10992
1.45402, 1.13337, 1.13337, 0.12546, 0.12546, 0.11069, 0.11069
1.46059, 1.14063, 1.14063, 0.12726, 0.12726, 0.11157, 0.11157
1.46716, 1.14590, 1.14590, 0.12838, 0.12838, 0.11203, 0.11203
1.47374, 1.15425, 1.15425, 0.12934, 0.12934, 0.11205, 0.11205
1.48031, 1.15909, 1.15909, 0.13057, 0.13057, 0.11265, 0.11265
1.48688, 1.16650, 1.16650, 0.13099, 0.13099, 0.11229, 0.11229
1.49346, 1.17256, 1.17256, 0.13386, 0.13386, 0.11416, 0.11416
1.50003, 1.17892, 1.17892, 0.13401, 0.13401, 0.11367, 0.11367
1.50661, 1.18485, 1.18485, 0.13550, 0.13550, 0.11436, 0.11436
1.51318, 1.19061, 1.19061, 0.13803, 0.13803, 0.11593, 0.11593
1.51976, 1.19462, 1.19462, 0.13849, 0.13849, 0.11593, 0.11593
1.52633, 1.20463, 1.20463, 0.14018, 0.14018, 0.11636, 0.11636
1.53291, 1.21142, 1.21142, 0.14070, 0.14070, 0.11615, 0.11615
1.53948, 1.21286, 1.21286, 0.14187, 0.14187, 0.11697, 0.11697
1.54606, 1.22260, 1.22260, 0.14461, 0.14461, 0.11828, 0.11828
1.55264, 1.22826, 1.22826, 0.14566, 0.14566, 0.11859, 0.11859
1.55921, 1.23546, 1.23546, 0.14695, 0.14695, 0.11895, 0.11895
1.56579, 1.25005, 1.25005, 0.14797, 0.14797, 0.11837, 0.11837
1.57237, 1.24976, 1.24976, 0.14761, 0.14761, 0.11811, 0.11811
1.57895, 1.24952, 1.24952, 0.14956, 0.14956, 0.11969, 0.11969
1.58552, 1.26016, 1.26016, 0.15168, 0.15168, 0.12037, 0.12037
1.59210, 1.26304, 1.26304, 0.15190, 0.15190, 0.12026, 0.12026
1.59868, 1.26871, 1.26871, 0.15305, 0.15305, 0.12064, 0.12064
1.60526, 1.27702, 1.27702, 0.15422, 0.15422, 0.12076, 0.12076
1.61184, 1.27897, 1.27897, 0.15482, 0.15482, 0.12105, 0.12105
1.61842, 1.28429, 1.28429, 0.15624, 0.15624, 0.12165, 0.12165
1.62500, 1.28786, 1.28786, 0.15782, 0.15782, 0.12254, 0.12254
1.63158, 1.29310, 1.29310, 0.15926, 0.15926, 0.12316, 0.12316
1.63816, 1.29514, 1.29514, 0.15869, 0.15869, 0.12253, 0.12253
1.64474, 1.30031, 1.30031, 0.15991, 0.15991, 0.12297, 0.12297
1.67107, 1.31991, 1.31991, 0.16450, 0.16450, 0.12463, 0.12463
1.67766, 1.32324, 1.32324, 0.16475, 0.16475, 0.12450, 0.12450
1.68424, 1.33033, 1.33033, 0.16505, 0.16505, 0.12406, 0.12406
1.69082, 1.33487, 1.33487, 0.16764, 0.16764, 0.12559, 0.12559
1.69741, 1.33738, 1.33738, 0.16811, 0.16811, 0.12570, 0.12570
1.70399, 1.34175, 1.34175, 0.16959, 0.16959, 0.12639, 0.12639
1.71058, 1.34864, 1.34864, 0.16993, 0.16993, 0.12600, 0.12600
1.71716, 1.35414, 1.35414, 0.17112, 0.17112, 0.12637, 0.12637
1.72375, 1.35591, 1.35591, 0.17185, 0.17185, 0.12674, 0.12674
1.73033, 1.36002, 1.36002, 0.17252, 0.17252, 0.12685, 0.12685
1.73692, 1.36175, 1.36175, 0.17260, 0.17260, 0.12675, 0.12675
1.74351, 1.36977, 1.36977, 0.17370, 0.17370, 0.12681, 0.12681
1.75009, 1.36962, 1.36962, 0.17408, 0.17408, 0.12710, 0.12710
1.75668, 1.37432, 1.37432, 0.17468, 0.17468, 0.12710, 0.12710
1.76327, 1.37638, 1.37638, 0.17535, 0.17535, 0.12740, 0.12740
1.76985, 1.37693, 1.37693, 0.17533, 0.17533, 0.12733, 0.12733
1.77644, 1.38129, 1.38129, 0.17545, 0.17545, 0.12702, 0.12702
1.78303, 1.38330, 1.38330, 0.17616, 0.17616, 0.12734, 0.12734
1.78962, 1.38430, 1.38430, 0.17641, 0.17641, 0.12743, 0.12743
1.79621, 1.38574, 1.38574, 0.17642, 0.17642, 0.12731, 0.12731
1.80280, 1.38893, 1.38893, 0.17692, 0.17692, 0.12738, 0.12738
1.80939, 1.38794, 1.38794, 0.17696, 0.17696, 0.12750, 0.12750
1.81598, 1.39444, 1.39444, 0.17697, 0.17697, 0.12691, 0.12691
1.82257, 1.39420, 1.39420, 0.17715, 0.17715, 0.12706, 0.12706
1.82916, 1.39511, 1.39511, 0.17716, 0.17716, 0.12698, 0.12698
1.83575, 1.39537, 1.39537, 0.17697, 0.17697, 0.12683, 0.12683
1.84234, 1.39205, 1.39205, 0.17700, 0.17700, 0.12715, 0.12715
1.84893, 1.38970, 1.38970, 0.17628, 0.17628, 0.12684, 0.12684
1.85552, 1.39480, 1.39480, 0.17682, 0.17682, 0.12677, 0.12677
1.86212, 1.38890, 1.38890, 0.17659, 0.17659, 0.12714, 0.12714
1.86871, 1.38490, 1.38490, 0.17586, 0.17586, 0.12698, 0.12698
1.87530, 1.38635, 1.38635, 0.17585, 0.17585, 0.12684, 0.12684
1.88190, 1.37636, 1.37636, 0.17513, 0.17513, 0.12724, 0.12724
1.88849, 1.36525, 1.36525, 0.17319, 0.17319, 0.12685, 0.12685
1.89508, 1.35290, 1.35290, 0.17154, 0.17154, 0.12679, 0.12679
1.90168, 1.33227, 1.33227, 0.16883, 0.16883, 0.12672, 0.12672
1.90827, 1.31962, 1.31962, 0.16690, 0.16690, 0.12647, 0.12647
1.91487, 1.31020, 1.31020, 0.16604, 0.16604, 0.12673, 0.12673
1.92146, 1.30699, 1.30699, 0.16567, 0.16567, 0.12676, 0.12676
1.92806, 1.30473, 1.30473, 0.16568, 0.16568, 0.12698, 0.12698
1.93465, 1.30940, 1.30940, 0.16640, 0.16640, 0.12708, 0.12708
1.94125, 1.30604, 1.30604, 0.16681, 0.16681, 0.12772, 0.12772
1.94785, 1.31863, 1.31863, 0.16856, 0.16856, 0.12783, 0.12783
1.95444, 1.31692, 1.31692, 0.16877, 0.16877, 0.12815, 0.12815
1.96104, 1.32083, 1.32083, 0.16921, 0.16921, 0.12811, 0.12811
1.96764, 1.32605, 1.32605, 0.16940, 0.16940, 0.12775, 0.12775
1.97424, 1.32854, 1.32854, 0.16955, 0.16955, 0.12762, 0.12762
1.98084, 1.33210, 1.33210, 0.16966, 0.16966, 0.12736, 0.12736
1.98743, 1.33666, 1.33666, 0.17027, 0.17027, 0.12739, 0.12739
1.99403, 1.33617, 1.33617, 0.17033, 0.17033, 0.12747, 0.12747
2.00063, 1.33133, 1.33133, 0.16960, 0.16960, 0.12739, 0.12739
2.00723, 1.33059, 1.33059, 0.17013, 0.17013, 0.12786, 0.12786
2.01383, 1.34145, 1.34145, 0.17167, 0.17167, 0.12797, 0.12797
2.02043, 1.34197, 1.34197, 0.17229, 0.17229, 0.12839, 0.12839
2.02703, 1.34928, 1.34928, 0.17294, 0.17294, 0.12817, 0.12817
2.03363, 1.35092, 1.35092, 0.17343, 0.17343, 0.12838, 0.12838
2.04024, 1.35423, 1.35423, 0.17369, 0.17369, 0.12825, 0.12825
2.04684, 1.35220, 1.35220, 0.17388, 0.17388, 0.12859, 0.12859
2.05344, 1.35372, 1.35372, 0.17359, 0.17359, 0.12823, 0.12823
2.06004, 1.35739, 1.35739, 0.17399, 0.17399, 0.12818, 0.12818
2.06664, 1.35465, 1.35465, 0.17339, 0.17339, 0.12800, 0.12800
2.07325, 1.35282, 1.35282, 0.17335, 0.17335, 0.12814, 0.12814
2.07985, 1.35386, 1.35386, 0.17314, 0.17314, 0.12788, 0.12788
2.08645, 1.35572, 1.35572, 0.17286, 0.17286, 0.12750, 0.12750
2.09306, 1.35747, 1.35747, 0.17321, 0.17321, 0.12760, 0.12760
2.09966, 1.35873, 1.35873, 0.17303, 0.17303, 0.12734, 0.12734
2.10627, 1.35914, 1.35914, 0.17295, 0.17295, 0.12725, 0.12725
2.11287, 1.36170, 1.36170, 0.17269, 0.17269, 0.12682, 0.12682
2.11948, 1.36128, 1.36128, 0.17274, 0.17274, 0.12690, 0.12690
2.12608, 1.36282, 1.36282, 0.17251, 0.17251, 0.12658, 0.12658
2.13269, 1.35872, 1.35872, 0.17231, 0.17231, 0.12681, 0.12681
2.13930, 1.36227, 1.36227, 0.17277, 0.17277, 0.12683, 0.12683
2.14590, 1.35550, 1.35550, 0.17173, 0.17173, 0.12669, 0.12669
2.15251, 1.35710, 1.35710, 0.17218, 0.17218, 0.12687, 0.12687
2.15912, 1.35287, 1.35287, 0.17177, 0.17177, 0.12697, 0.12697
2.16572, 1.35314, 1.35314, 0.17115, 0.17115, 0.12649, 0.12649
2.17233, 1.34918, 1.34918, 0.17110, 0.17110, 0.12681, 0.12681
2.17894, 1.34758, 1.34758, 0.17024, 0.17024, 0.12633, 0.12633
2.18555, 1.33682, 1.33682, 0.16943, 0.16943, 0.12674, 0.12674
2.19216, 1.33098, 1.33098, 0.16879, 0.16879, 0.12682, 0.12682
2.19877, 1.32409, 1.32409, 0.16749, 0.16749, 0.12650, 0.12650
2.20538, 1.32024, 1.32024, 0.16695, 0.16695, 0.12646, 0.12646
2.21199, 1.31377, 1.31377, 0.16611, 0.16611, 0.12644, 0.12644
2.21860, 1.30689, 1.30689, 0.16546, 0.16546, 0.12661, 0.12661
2.22521, 1.30151, 1.30151, 0.16474, 0.16474, 0.12657, 0.12657
2.23182, 1.29773, 1.29773, 0.16409, 0.16409, 0.12644, 0.12644
2.23843, 1.29242, 1.29242, 0.16282, 0.16282, 0.12598, 0.12598
2.24504, 1.28631, 1.28631, 0.16290, 0.16290, 0.12664, 0.12664
2.25165, 1.27597, 1.27597, 0.16155, 0.16155, 0.12661, 0.12661
2.25827, 1.27048, 1.27048, 0.16057, 0.16057, 0.12639, 0.12639
2.26488, 1.25609, 1.25609, 0.15835, 0.15835, 0.12607, 0.12607
2.27149, 1.24290, 1.24290, 0.15742, 0.15742, 0.12665, 0.12665
2.27810, 1.22692, 1.22692, 0.15525, 0.15525, 0.12653, 0.12653
2.28472, 1.21213, 1.21213, 0.15324, 0.15324, 0.12642, 0.12642
2.29133, 1.19809, 1.19809, 0.15175, 0.15175, 0.12666, 0.12666
2.29795, 1.19119, 1.19119, 0.15091, 0.15091, 0.12669, 0.12669
2.30456, 1.18434, 1.18434, 0.14971, 0.14971, 0.12640, 0.12640
2.31118, 1.18483, 1.18483, 0.14951, 0.14951, 0.12618, 0.12618
2.31779, 1.19077, 1.19077, 0.15007, 0.15007, 0.12603, 0.12603
2.32441, 1.20391, 1.20391, 0.15181, 0.15181, 0.12610, 0.12610
2.33102, 1.21373, 1.21373, 0.15335, 0.15335, 0.12635, 0.12635
2.33764, 1.21306, 1.21306, 0.15405, 0.15405, 0.12699, 0.12699
2.34426, 1.21929, 1.21929, 0.15446, 0.15446, 0.12668, 0.12668
2.35087, 1.22269, 1.22269, 0.15500, 0.15500, 0.12677, 0.12677
2.35749, 1.21804, 1.21804, 0.15477, 0.15477, 0.12706, 0.12706
2.36411, 1.21713, 1.21713, 0.15439, 0.15439, 0.12685, 0.12685
2.37072, 1.21389, 1.21389, 0.15440, 0.15440, 0.12719, 0.12719
2.37734, 1.20879, 1.20879, 0.15336, 0.15336, 0.12687, 0.12687
2.38396, 1.20381, 1.20381, 0.15242, 0.15242, 0.12662, 0.12662
2.39058, 1.20046, 1.20046, 0.15193, 0.15193, 0.12656, 0.12656
2.39720, 1.19859, 1.19859, 0.15225, 0.15225, 0.12703, 0.12703
2.40382, 1.19349, 1.19349, 0.15217, 0.15217, 0.12750, 0.12750
2.41044, 1.19581, 1.19581, 0.15281, 0.15281, 0.12779, 0.12779
2.41706, 1.18808, 1.18808, 0.15239, 0.15239, 0.12826, 0.12826
2.42368, 1.18612, 1.18612, 0.15191, 0.15191, 0.12807, 0.12807
2.43030, 1.18235, 1.18235, 0.15149, 0.15149, 0.12813, 0.12813
2.43692, 1.17831, 1.17831, 0.15107, 0.15107, 0.12821, 0.12821
2.44354, 1.16753, 1.16753, 0.14987, 0.14987, 0.12837, 0.12837
2.45017, 1.16221, 1.16221, 0.14934, 0.14934, 0.12849, 0.12849
2.45679, 1.15796, 1.15796, 0.14878, 0.14878, 0.12849, 0.12849
2.46341, 1.14874, 1.14874, 0.14750, 0.14750, 0.12840, 0.12840
2.47003, 1.14351, 1.14351, 0.14683, 0.14683, 0.12841, 0.12841
2.47666, 1.14344, 1.14344, 0.14621, 0.14621, 0.12787, 0.12787
2.48328, 1.13459, 1.13459, 0.14480, 0.14480, 0.12763, 0.12763
2.48990, 1.13307, 1.13307, 0.14477, 0.14477, 0.12777, 0.12777
2.49653, 1.12900, 1.12900, 0.14518, 0.14518, 0.12859, 0.12859
2.50312, 1.12300, 1.12300, 0.14387, 0.14387, 0.12811, 0.12811
2.50972, 1.12079, 1.12079, 0.14373, 0.14373, 0.12824, 0.12824
2.51632, 1.12000, 1.12000, 0.14311, 0.14311, 0.12778, 0.12778
2.52292, 1.12435, 1.12435, 0.14355, 0.14355, 0.12767, 0.12767
2.52951, 1.12229, 1.12229, 0.14355, 0.14355, 0.12791, 0.12791
2.53611, 1.12546, 1.12546, 0.14337, 0.14337, 0.12738, 0.12738
2.54271, 1.13725, 1.13725, 0.14402, 0.14402, 0.12664, 0.12664
2.54931, 1.13532, 1.13532, 0.14378, 0.14378, 0.12664, 0.12664
2.55591, 1.14202, 1.14202, 0.14361, 0.14361, 0.12575, 0.12575
2.56251, 1.14540, 1.14540, 0.14390, 0.14390, 0.12563, 0.12563
2.56911, 1.14555, 1.14555, 0.14323, 0.14323, 0.12503, 0.12503
2.57571, 1.14726, 1.14726, 0.14355, 0.14355, 0.12513, 0.12513
2.58231, 1.14650, 1.14650, 0.14296, 0.14296, 0.12469, 0.12469
2.58891, 1.14486, 1.14486, 0.14228, 0.14228, 0.12427, 0.12427
2.59551, 1.14462, 1.14462, 0.14161, 0.14161, 0.12371, 0.12371
2.60212, 1.14261, 1.14261, 0.14115, 0.14115, 0.12353, 0.12353
2.60872, 1.14305, 1.14305, 0.14130, 0.14130, 0.12362, 0.12362
2.61532, 1.14192, 1.14192, 0.14041, 0.14041, 0.12296, 0.12296
2.62192, 1.13507, 1.13507, 0.14103, 0.14103, 0.12425, 0.12425
2.62853, 1.13009, 1.13009, 0.14041, 0.14041, 0.12424, 0.12424
2.63513, 1.13338, 1.13338, 0.14105, 0.14105, 0.12445, 0.12445
2.64174, 1.12454, 1.12454, 0.13945, 0.13945, 0.12401, 0.12401
2.64834, 1.12083, 1.12083, 0.13776, 0.13776, 0.12291, 0.12291
2.65495, 1.11811, 1.11811, 0.13339, 0.13339, 0.11930, 0.11930
2.84004, 0.93210, 0.93210, 0.06225, 0.06225, 0.06679, 0.06679
2.84666, 0.92571, 0.92571, 0.06233, 0.06233, 0.06734, 0.06734
2.85328, 0.91827, 0.91827, 0.06205, 0.06205, 0.06757, 0.06757
2.85989, 0.91514, 0.91514, 0.06168, 0.06168, 0.06740, 0.06740
2.86651, 0.91618, 0.91618, 0.06159, 0.06159, 0.06723, 0.06723
2.87313, 0.91570, 0.91570, 0.06162, 0.06162, 0.06730, 0.06730
2.87975, 0.91353, 0.91353, 0.06212, 0.06212, 0.06800, 0.06800
2.88636, 0.91223, 0.91223, 0.06244, 0.06244, 0.06844, 0.06844
2.89298, 0.90905, 0.90905, 0.06241, 0.06241, 0.06866, 0.06866
2.89960, 0.90269, 0.90269, 0.06244, 0.06244, 0.06917, 0.06917
2.90622, 0.89471, 0.89471, 0.06183, 0.06183, 0.06911, 0.06911
2.91284, 0.89091, 0.89091, 0.06183, 0.06183, 0.06940, 0.06940
2.91946, 0.88748, 0.88748, 0.06213, 0.06213, 0.07001, 0.07001
2.92608, 0.88520, 0.88520, 0.06208, 0.06208, 0.07013, 0.07013
2.93270, 0.88249, 0.88249, 0.06203, 0.06203, 0.07029, 0.07029
2.93932, 0.88017, 0.88017, 0.06227, 0.06227, 0.07075, 0.07075
2.94595, 0.87679, 0.87679, 0.06241, 0.06241, 0.07118, 0.07118
2.95257, 0.87389, 0.87389, 0.06259, 0.06259, 0.07162, 0.07162
2.95919, 0.86879, 0.86879, 0.06256, 0.06256, 0.07201, 0.07201
2.96581, 0.87042, 0.87042, 0.06268, 0.06268, 0.07201, 0.07201
2.97244, 0.87444, 0.87444, 0.06303, 0.06303, 0.07209, 0.07209
2.97906, 0.87415, 0.87415, 0.06321, 0.06321, 0.07231, 0.07231
2.98568, 0.87119, 0.87119, 0.06322, 0.06322, 0.07257, 0.07257
2.99231, 0.86698, 0.86698, 0.06306, 0.06306, 0.07274, 0.07274
2.99893, 0.86305, 0.86305, 0.06352, 0.06352, 0.07360, 0.07360
3.00556, 0.85915, 0.85915, 0.06400, 0.06400, 0.07450, 0.07450
3.01218, 0.85505, 0.85505, 0.06451, 0.06451, 0.07545, 0.07545
3.01881, 0.85523, 0.85523, 0.06528, 0.06528, 0.07633, 0.07633
3.02544, 0.85678, 0.85678, 0.06597, 0.06597, 0.07699, 0.07699
3.03206, 0.85593, 0.85593, 0.06635, 0.06635, 0.07751, 0.07751
3.03869, 0.85213, 0.85213, 0.06652, 0.06652, 0.07806, 0.07806
3.04532, 0.84977, 0.84977, 0.06677, 0.06677, 0.07857, 0.07857
3.05195, 0.84470, 0.84470, 0.06721, 0.06721, 0.07957, 0.07957
3.05857, 0.83308, 0.83308, 0.06693, 0.06693, 0.08033, 0.08033
3.06520, 0.81700, 0.81700, 0.06654, 0.06654, 0.08144, 0.08144
3.07183, 0.81102, 0.81102, 0.06672, 0.06672, 0.08226, 0.08226
3.07846, 0.81055, 0.81055, 0.06745, 0.06745, 0.08321, 0.08321
3.08509, 0.81236, 0.81236, 0.06802, 0.06802, 0.08373, 0.08373
3.09172, 0.81464, 0.81464, 0.06868, 0.06868, 0.08431, 0.08431
3.09835, 0.81601, 0.81601, 0.06930, 0.06930, 0.08493, 0.08493
3.10498, 0.81517, 0.81517, 0.06981, 0.06981, 0.08564, 0.08564
3.11161, 0.80681, 0.80681, 0.07001, 0.07001, 0.08677, 0.08677
3.11825, 0.79921, 0.79921, 0.06978, 0.06978, 0.08731, 0.08731
3.12488, 0.79796, 0.79796, 0.07033, 0.07033, 0.08813, 0.08813
3.13151, 0.79959, 0.79959, 0.07088, 0.07088, 0.08864, 0.08864
3.13814, 0.79276, 0.79276, 0.07073, 0.07073, 0.08923, 0.08923
3.14478, 0.78073, 0.78073, 0.07043, 0.07043, 0.09021, 0.09021
3.15141, 0.77013, 0.77013, 0.07040, 0.07040, 0.09142, 0.09142
3.15804, 0.76701, 0.76701, 0.07062, 0.07062, 0.09208, 0.09208
3.16468, 0.77330, 0.77330, 0.07152, 0.07152, 0.09249, 0.09249
3.17131, 0.78033, 0.78033, 0.07229, 0.07229, 0.09264, 0.09264
3.17795, 0.78354, 0.78354, 0.07320, 0.07320, 0.09343, 0.09343
3.18458, 0.78509, 0.78509, 0.07403, 0.07403, 0.09429, 0.09429
3.19122, 0.78468, 0.78468, 0.07526, 0.07526, 0.09592, 0.09592
3.19785, 0.78331, 0.78331, 0.07682, 0.07682, 0.09807, 0.09807
3.20449, 0.78069, 0.78069, 0.07771, 0.07771, 0.09954, 0.09954
3.21113, 0.77732, 0.77732, 0.07882, 0.07882, 0.10140, 0.10140
3.21776, 0.77721, 0.77721, 0.07953, 0.07953, 0.10233, 0.10233
3.22440, 0.78041, 0.78041, 0.08036, 0.08036, 0.10297, 0.10297
3.23104, 0.78581, 0.78581, 0.08123, 0.08123, 0.10337, 0.10337
3.23768, 0.78792, 0.78792, 0.08240, 0.08240, 0.10458, 0.10458
3.24432, 0.78860, 0.78860, 0.08341, 0.08341, 0.10577, 0.10577
3.25096, 0.79248, 0.79248, 0.08490, 0.08490, 0.10714, 0.10714
3.25760, 0.79621, 0.79621, 0.08620, 0.08620, 0.10826, 0.10826
3.26424, 0.79626, 0.79626, 0.08688, 0.08688, 0.10911, 0.10911
3.27088, 0.79553, 0.79553, 0.08775, 0.08775, 0.11030, 0.11030
3.27752, 0.79445, 0.79445, 0.08916, 0.08916, 0.11223, 0.11223
3.28416, 0.79612, 0.79612, 0.09104, 0.09104, 0.11435, 0.11435
3.29080, 0.79675, 0.79675, 0.09264, 0.09264, 0.11627, 0.11627
3.29744, 0.79833, 0.79833, 0.09401, 0.09401, 0.11776, 0.11776
3.30408, 0.80053, 0.80053, 0.09563, 0.09563, 0.11946, 0.11946
3.31073, 0.80505, 0.80505, 0.09719, 0.09719, 0.12073, 0.12073
3.31737, 0.80356, 0.80356, 0.09837, 0.09837, 0.12241, 0.12241
3.32401, 0.79742, 0.79742, 0.09929, 0.09929, 0.12451, 0.12451
3.33066, 0.79562, 0.79562, 0.10073, 0.10073, 0.12660, 0.12660
3.33730, 0.79628, 0.79628, 0.10244, 0.10244, 0.12865, 0.12865
3.34395, 0.80048, 0.80048, 0.10435, 0.10435, 0.13036, 0.13036
3.35059, 0.80016, 0.80016, 0.10614, 0.10614, 0.13265, 0.13265
3.35724, 0.79748, 0.79748, 0.10746, 0.10746, 0.13474, 0.13474
3.36388, 0.79498, 0.79498, 0.10880, 0.10880, 0.13686, 0.13686
3.37053, 0.79633, 0.79633, 0.11067, 0.11067, 0.13898, 0.13898
3.37717, 0.79871, 0.79871, 0.11302, 0.11302, 0.14150, 0.14150
3.38382, 0.79760, 0.79760, 0.11498, 0.11498, 0.14415, 0.14415
3.39047, 0.79495, 0.79495, 0.11636, 0.11636, 0.14638, 0.14638
3.39712, 0.79466, 0.79466, 0.11778, 0.11778, 0.14822, 0.14822
3.40376, 0.79484, 0.79484, 0.11909, 0.11909, 0.14983, 0.14983
3.41041, 0.79434, 0.79434, 0.12054, 0.12054, 0.15175, 0.15175
3.41706, 0.79333, 0.79333, 0.12218, 0.12218, 0.15400, 0.15400
3.42371, 0.79627, 0.79627, 0.12417, 0.12417, 0.15594, 0.15594
3.43036, 0.79906, 0.79906, 0.12629, 0.12629, 0.15805, 0.15805
3.43701, 0.79947, 0.79947, 0.12812, 0.12812, 0.16025, 0.16025
3.44366, 0.79237, 0.79237, 0.12931, 0.12931, 0.16319, 0.16319
3.45031, 0.78791, 0.78791, 0.13061, 0.13061, 0.16577, 0.16577
3.45696, 0.78796, 0.78796, 0.13263, 0.13263, 0.16832, 0.16832
3.46361, 0.79043, 0.79043, 0.13459, 0.13459, 0.17027, 0.17027
3.47026, 0.79176, 0.79176, 0.13616, 0.13616, 0.17198, 0.17198
3.47692, 0.78996, 0.78996, 0.13803, 0.13803, 0.17473, 0.17473
3.48357, 0.78792, 0.78792, 0.13974, 0.13974, 0.17735, 0.17735
3.49022, 0.78708, 0.78708, 0.14201, 0.14201, 0.18042, 0.18042
3.49687, 0.78913, 0.78913, 0.14371, 0.14371, 0.18212, 0.18212
3.50353, 0.79410, 0.79410, 0.14576, 0.14576, 0.18356, 0.18356
3.51018, 0.80246, 0.80246, 0.14864, 0.14864, 0.18523, 0.18523
3.51684, 0.80515, 0.80515, 0.15198, 0.15198, 0.18876, 0.18876
3.52349, 0.80860, 0.80860, 0.15599, 0.15599, 0.19291, 0.19291
3.53015, 0.81177, 0.81177, 0.15987, 0.15987, 0.19694, 0.19694
3.53680, 0.81334, 0.81334, 0.16300, 0.16300, 0.20041, 0.20041
3.54346, 0.81509, 0.81509, 0.16563, 0.16563, 0.20321, 0.20321
3.55011, 0.81724, 0.81724, 0.16874, 0.16874, 0.20647, 0.20647
3.55677, 0.81590, 0.81590, 0.17246, 0.17246, 0.21138, 0.21138
3.56343, 0.81521, 0.81521, 0.17561, 0.17561, 0.21542, 0.21542
3.57008, 0.81350, 0.81350, 0.17774, 0.17774, 0.21849, 0.21849
3.57674, 0.81317, 0.81317, 0.18010, 0.18010, 0.22148, 0.22148
3.58340, 0.81578, 0.81578, 0.18407, 0.18407, 0.22564, 0.22564
3.59006, 0.81713, 0.81713, 0.18711, 0.18711, 0.22899, 0.22899
3.59672, 0.81828, 0.81828, 0.18917, 0.18917, 0.23118, 0.23118
3.60338, 0.81900, 0.81900, 0.19213, 0.19213, 0.23459, 0.23459
3.61004, 0.81960, 0.81960, 0.19510, 0.19510, 0.23805, 0.23805
3.61670, 0.81763, 0.81763, 0.19696, 0.19696, 0.24089, 0.24089
3.62336, 0.81140, 0.81140, 0.19835, 0.19835, 0.24445, 0.24445
3.63002, 0.80432, 0.80432, 0.20091, 0.20091, 0.24979, 0.24979
3.63668, 0.79919, 0.79919, 0.20457, 0.20457, 0.25597, 0.25597
3.64334, 0.79608, 0.79608, 0.20696, 0.20696, 0.25997, 0.25997
3.65000, 0.79311, 0.79311, 0.20787, 0.20787, 0.26210, 0.26210
3.65667, 0.79085, 0.79085, 0.20999, 0.20999, 0.26552, 0.26552
3.66333, 0.78875, 0.78875, 0.21388, 0.21388, 0.27116, 0.27116
3.66999, 0.78693, 0.78693, 0.21644, 0.21644, 0.27504, 0.27504
3.67665, 0.78531, 0.78531, 0.21796, 0.21796, 0.27755, 0.27755
3.68332, 0.78352, 0.78352, 0.22014, 0.22014, 0.28097, 0.28097
3.68998, 0.78102, 0.78102, 0.22515, 0.22515, 0.28827, 0.28827
3.69665, 0.77778, 0.77778, 0.22977, 0.22977, 0.29542, 0.29542
3.70331, 0.77296, 0.77296, 0.23092, 0.23092, 0.29874, 0.29874
3.70998, 0.76632, 0.76632, 0.23147, 0.23147, 0.30206, 0.30206
3.71664, 0.76261, 0.76261, 0.23502, 0.23502, 0.30818, 0.30818
3.72331, 0.76066, 0.76066, 0.23925, 0.23925, 0.31452, 0.31452
3.72998, 0.76076, 0.76076, 0.24257, 0.24257, 0.31885, 0.31885
3.73664, 0.75916, 0.75916, 0.24452, 0.24452, 0.32209, 0.32209
3.74331, 0.75118, 0.75118, 0.24745, 0.24745, 0.32942, 0.32942
3.74998, 0.74369, 0.74369, 0.25077, 0.25077, 0.33720, 0.33720
3.75665, 0.73869, 0.73869, 0.25192, 0.25192, 0.34104, 0.34104
3.76331, 0.73422, 0.73422, 0.25174, 0.25174, 0.34286, 0.34286
3.76998, 0.73344, 0.73344, 0.25399, 0.25399, 0.34630, 0.34630
3.77665, 0.73175, 0.73175, 0.25942, 0.25942, 0.35452, 0.35452
3.78332, 0.72991, 0.72991, 0.26288, 0.26288, 0.36016, 0.36016
3.78999, 0.72256, 0.72256, 0.26283, 0.26283, 0.36375, 0.36375
3.79666, 0.71676, 0.71676, 0.26500, 0.26500, 0.36971, 0.36971
3.80333, 0.71481, 0.71481, 0.27098, 0.27098, 0.37910, 0.37910
3.81000, 0.71295, 0.71295, 0.27689, 0.27689, 0.38837, 0.38837
3.81667, 0.71079, 0.71079, 0.27858, 0.27858, 0.39192, 0.39192
3.82335, 0.70859, 0.70859, 0.27902, 0.27902, 0.39377, 0.39377
3.83002, 0.70772, 0.70772, 0.28186, 0.28186, 0.39827, 0.39827
3.83669, 0.70691, 0.70691, 0.28758, 0.28758, 0.40681, 0.40681
3.84336, 0.70521, 0.70521, 0.29145, 0.29145, 0.41329, 0.41329
3.85004, 0.70352, 0.70352, 0.29134, 0.29134, 0.41412, 0.41412
3.85671, 0.70461, 0.70461, 0.29112, 0.29112, 0.41316, 0.41316
3.86339, 0.70610, 0.70610, 0.29436, 0.29436, 0.41688, 0.41688
3.87006, 0.70809, 0.70809, 0.29944, 0.29944, 0.42288, 0.42288
3.87673, 0.70939, 0.70939, 0.30222, 0.30222, 0.42603, 0.42603
3.88341, 0.70860, 0.70860, 0.30189, 0.30189, 0.42604, 0.42604
3.89008, 0.70825, 0.70825, 0.30196, 0.30196, 0.42635, 0.42635
3.89676, 0.70622, 0.70622, 0.30578, 0.30578, 0.43298, 0.43298
