0.43613, 1.01398, 1.01398, 0.04701, 0.04701, 0.04636, 0.04636
0.44263, 1.01926, 1.01926, 0.04847, 0.04847, 0.04755, 0.04755
0.44914, 1.02338, 1.02338, 0.05115, 0.05115, 0.04998, 0.04998
0.45564, 1.02127, 1.02127, 0.05500, 0.05500, 0.05386, 0.05386
0.46215, 1.01920, 1.01920, 0.05654, 0.05654, 0.05548, 0.05548
0.46865, 1.01425, 1.01425, 0.06004, 0.06004, 0.05920, 0.05920
0.47516, 1.01295, 1.01295, 0.06266, 0.06266, 0.06186, 0.06186
0.48167, 1.01725, 1.01725, 0.06674, 0.06674, 0.06560, 0.06560
0.48817, 1.01535, 1.01535, 0.06965, 0.06965, 0.06860, 0.06860
0.49468, 1.01535, 1.01535, 0.07324, 0.07324, 0.07213, 0.07213
0.50119, 1.02085, 1.02085, 0.07717, 0.07717, 0.07559, 0.07559
0.50770, 1.01632, 1.01632, 0.08030, 0.08030, 0.07901, 0.07901
0.51421, 1.01437, 1.01437, 0.08407, 0.08407, 0.08288, 0.08288
0.52072, 1.01665, 1.01665, 0.08873, 0.08873, 0.08728, 0.08728
0.52723, 1.01534, 1.01534, 0.09089, 0.09089, 0.08952, 0.08952
0.53374, 1.01203, 1.01203, 0.09733, 0.09733, 0.09617, 0.09617
0.54025, 1.01137, 1.01137, 0.10186, 0.10186, 0.10071, 0.10071
0.54676, 1.01348, 1.01348, 0.10656, 0.10656, 0.10514, 0.10514
0.55327, 1.01078, 1.01078, 0.11338, 0.11338, 0.11217, 0.11217
0.55978, 1.01311, 1.01311, 0.12205, 0.12205, 0.12047, 0.12047
0.56629, 1.01206, 1.01206, 0.13232, 0.13232, 0.13074, 0.13074
0.57281, 1.00900, 1.00900, 0.14206, 0.14206, 0.14079, 0.14079
0.57932, 1.00826, 1.00826, 0.14963, 0.14963, 0.14840, 0.14840
0.58583, 1.00942, 1.00942, 0.16044, 0.16044, 0.15895, 0.15895
0.59235, 1.00862, 1.00862, 0.16829, 0.16829, 0.16685, 0.16685
0.59886, 1.00233, 1.00233, 0.17098, 0.17098, 0.17059, 0.17059
0.60538, 1.00623, 1.00623, 0.17559, 0.17559, 0.17450, 0.17450
0.61189, 1.00344, 1.00344, 0.18301, 0.18301, 0.18238, 0.18238
0.61841, 1.00592, 1.00592, 0.18534, 0.18534, 0.18425, 0.18425
0.62492, 1.00448, 1.00448, 0.19337, 0.19337, 0.19250, 0.19250
0.63144, 1.00469, 1.00469, 0.19290, 0.19290, 0.19200, 0.19200
0.70968, 1.00407, 1.00407, 0.21556, 0.21556, 0.21469, 0.21469
0.71620, 1.00121, 1.00121, 0.21555, 0.21555, 0.21529, 0.21529
0.72272, 1.00071, 1.00071, 0.21954, 0.21954, 0.21938, 0.21938
0.72925, 1.00176, 1.00184, 0.22333, 0.22384, 0.22294, 0.22343
0.73577, 1.00180, 1.00189, 0.21785, 0.21837, 0.21746, 0.21796
0.74230, 1.00123, 1.00131, 0.21598, 0.21652, 0.21572, 0.21624
0.74882, 1.00179, 1.00188, 0.21435, 0.21491, 0.21397, 0.21450
0.75535, 1.00169, 1.00178, 0.21532, 0.21590, 0.21496, 0.21552
0.76187, 0.99977, 0.99987, 0.21637, 0.21698, 0.21642, 0.21700
0.76840, 1.00155, 1.00166, 0.21613, 0.21676, 0.21579, 0.21640
0.77492, 1.00280, 1.00291, 0.21933, 0.22000, 0.21872, 0.21936
0.78145, 1.00522, 1.00533, 0.21839, 0.21907, 0.21725, 0.21791
0.78798, 1.00357, 1.00369, 0.21688, 0.21759, 0.21611, 0.21679
0.79451, 1.00168, 1.00180, 0.21506, 0.21579, 0.21470, 0.21540
0.80104, 1.00486, 1.00498, 0.21451, 0.21527, 0.21348, 0.21420
0.80756, 1.00229, 1.00242, 0.21417, 0.21496, 0.21368, 0.21444
0.81409, 1.00180, 1.00193, 0.21477, 0.21559, 0.21439, 0.21517
0.82062, 1.00447, 1.00461, 0.21661, 0.21746, 0.21565, 0.21647
0.82715, 1.00307, 1.00322, 0.21485, 0.21573, 0.21419, 0.21504
0.83368, 1.00478, 1.00493, 0.21553, 0.21644, 0.21450, 0.21538
0.84022, 1.00420, 1.00435, 0.21555, 0.21649, 0.21465, 0.21555
0.84675, 1.00356, 1.00372, 0.21374, 0.21471, 0.21298, 0.21391
0.85328, 1.00217, 1.00233, 0.21288, 0.21388, 0.21242, 0.21338
0.85981, 1.00240, 1.00257, 0.20831, 0.20932, 0.20781, 0.20879
0.86634, 1.00400, 1.00417, 0.21325, 0.21433, 0.21241, 0.21344
0.87288, 1.00283, 1.00301, 0.21023, 0.21133, 0.20964, 0.21069
0.87941, 1.00418, 1.00437, 0.20780, 0.20892, 0.20694, 0.20801
0.88595, 1.00422, 1.00442, 0.20751, 0.20867, 0.20664, 0.20775
0.89248, 1.00318, 1.00338, 0.20923, 0.21043, 0.20857, 0.20972
0.89902, 1.00471, 1.00492, 0.20715, 0.20838, 0.20618, 0.20736
0.90555, 1.00416, 1.00438, 0.20498, 0.20624, 0.20413, 0.20534
0.91209, 1.00433, 1.00455, 0.20393, 0.20522, 0.20305, 0.20429
0.91862, 1.00433, 1.00456, 0.20621, 0.20756, 0.20532, 0.20662
0.92516, 1.00485, 1.00509, 0.20421, 0.20559, 0.20322, 0.20455
0.93170, 1.00490, 1.00515, 0.20100, 0.20241, 0.20002, 0.20137
0.93824, 1.00323, 1.00349, 0.20009, 0.20153, 0.19945, 0.20083
0.94477, 1.00453, 1.00480, 0.20047, 0.20195, 0.19956, 0.20099
0.95131, 1.00564, 1.00591, 0.20211, 0.20366, 0.20097, 0.20246
0.95785, 1.00263, 1.00290, 0.20132, 0.20291, 0.20080, 0.20233
0.96439, 1.00440, 1.00469, 0.20194, 0.20358, 0.20105, 0.20263
0.97093, 1.00328, 1.00357, 0.19882, 0.20049, 0.19817, 0.19978
0.97747, 1.00268, 1.00298, 0.19793, 0.19964, 0.19740, 0.19905
0.98401, 1.00600, 1.00631, 0.19310, 0.19482, 0.19195, 0.19360
0.99055, 1.00579, 1.00611, 0.19327, 0.19505, 0.19216, 0.19386
0.99710, 1.00470, 1.00504, 0.19390, 0.19574, 0.19300, 0.19476
1.00364, 1.00316, 1.00350, 0.19468, 0.19657, 0.19407, 0.19589
1.01018, 0.99937, 0.99972, 0.19149, 0.19341, 0.19161, 0.19346
1.04720, 1.00161, 1.00161, 0.18944, 0.18944, 0.18914, 0.18914
1.05375, 1.00261, 1.00261, 0.18919, 0.18919, 0.18870, 0.18870
1.06030, 1.00212, 1.00212, 0.19004, 0.19004, 0.18963, 0.18963
1.06685, 1.00206, 1.00206, 0.19004, 0.19004, 0.18965, 0.18965
1.07341, 1.00079, 1.00079, 0.18960, 0.18960, 0.18945, 0.18945
1.07996, 1.00079, 1.00079, 0.18879, 0.18879, 0.18864, 0.18864
1.08651, 1.00023, 1.00023, 0.18886, 0.18886, 0.18881, 0.18881
1.09307, 1.00209, 1.00209, 0.18990, 0.18990, 0.18950, 0.18950
1.09962, 1.00116, 1.00116, 0.19098, 0.19098, 0.19076, 0.19076
1.10617, 1.00201, 1.00201, 0.19221, 0.19221, 0.19182, 0.19182
1.11273, 0.99952, 0.99952, 0.19174, 0.19174, 0.19183, 0.19183
1.11928, 1.00141, 1.00141, 0.19260, 0.19260, 0.19232, 0.19232
1.12584, 0.99995, 0.99995, 0.19238, 0.19238, 0.19239, 0.19239
1.13239, 1.00069, 1.00069, 0.19251, 0.19251, 0.19238, 0.19238
1.13895, 1.00097, 1.00097, 0.19181, 0.19181, 0.19162, 0.19162
1.14551, 1.00136, 1.00136, 0.19273, 0.19273, 0.19247, 0.19247
1.15206, 1.00014, 1.00014, 0.19315, 0.19315, 0.19313, 0.19313
1.15862, 0.99999, 0.99999, 0.19274, 0.19274, 0.19274, 0.19274
1.16518, 0.99919, 0.99919, 0.19248, 0.19248, 0.19264, 0.19264
1.17173, 0.99934, 0.99934, 0.19244, 0.19244, 0.19257, 0.19257
1.17829, 1.00011, 1.00011, 0.19227, 0.19227, 0.19225, 0.19225
1.18485, 1.00028, 1.00028, 0.19228, 0.19228, 0.19223, 0.19223
1.19141, 0.99887, 0.99887, 0.19367, 0.19367, 0.19389, 0.19389
1.19797, 1.00038, 1.00038, 0.19247, 0.19247, 0.19239, 0.19239
1.20453, 1.00086, 1.00086, 0.19154, 0.19154, 0.19138, 0.19138
1.21109, 1.00046, 1.00046, 0.19203, 0.19203, 0.19194, 0.19194
1.21765, 1.00018, 1.00018, 0.19112, 0.19112, 0.19109, 0.19109
1.22421, 1.00078, 1.00078, 0.19107, 0.19107, 0.19092, 0.19092
1.23077, 1.00105, 1.00105, 0.19216, 0.19216, 0.19196, 0.19196
1.23733, 1.00064, 1.00064, 0.19271, 0.19271, 0.19259, 0.19259
1.24389, 1.00110, 1.00110, 0.19244, 0.19244, 0.19223, 0.19223
1.25045, 1.00014, 1.00014, 0.19331, 0.19331, 0.19328, 0.19328
1.25701, 1.00058, 1.00058, 0.19209, 0.19209, 0.19198, 0.19198
1.26357, 0.99972, 0.99972, 0.19245, 0.19245, 0.19250, 0.19250
1.27014, 1.00108, 1.00108, 0.19401, 0.19401, 0.19380, 0.19380
1.27670, 1.00182, 1.00182, 0.19387, 0.19387, 0.19351, 0.19351
1.28326, 1.00305, 1.00305, 0.19338, 0.19338, 0.19279, 0.19279
1.28983, 1.00215, 1.00215, 0.19446, 0.19446, 0.19405, 0.19405
1.29639, 1.00238, 1.00238, 0.19463, 0.19463, 0.19417, 0.19417
1.30295, 1.00272, 1.00272, 0.19476, 0.19476, 0.19423, 0.19423
1.30952, 1.00305, 1.00305, 0.19396, 0.19396, 0.19336, 0.19336
1.31608, 1.00347, 1.00347, 0.19411, 0.19411, 0.19344, 0.19344
1.32265, 0.99853, 0.99853, 0.19491, 0.19491, 0.19519, 0.19519
1.32921, 1.00452, 1.00452, 0.19537, 0.19537, 0.19449, 0.19449
1.33578, 1.00422, 1.00422, 0.19618, 0.19618, 0.19536, 0.19536
1.34234, 1.00286, 1.00286, 0.19639, 0.19639, 0.19583, 0.19583
1.34891, 1.00414, 1.00414, 0.19716, 0.19716, 0.19635, 0.19635
1.35548, 1.00477, 1.00477, 0.19815, 0.19815, 0.19721, 0.19721
1.36205, 1.00382, 1.00382, 0.19856, 0.19856, 0.19780, 0.19780
1.36861, 1.00592, 1.00592, 0.19787, 0.19787, 0.19671, 0.19671
1.37518, 1.00208, 1.00208, 0.19776, 0.19776, 0.19735, 0.19735
1.38175, 1.00484, 1.00484, 0.19849, 0.19849, 0.19753, 0.19753
1.38832, 1.00422, 1.00422, 0.19742, 0.19742, 0.19659, 0.19659
1.39489, 1.00134, 1.00134, 0.19791, 0.19791, 0.19764, 0.19764
1.40145, 1.00170, 1.00170, 0.19827, 0.19827, 0.19793, 0.19793
1.40802, 1.00020, 1.00020, 0.19793, 0.19793, 0.19789, 0.19789
1.41459, 0.99635, 0.99635, 0.19765, 0.19765, 0.19837, 0.19837
1.42116, 0.99165, 0.99165, 0.19797, 0.19797, 0.19963, 0.19963
1.42773, 0.99148, 0.99148, 0.19714, 0.19714, 0.19883, 0.19883
1.43431, 0.99605, 0.99605, 0.19721, 0.19721, 0.19799, 0.19799
1.44088, 0.99790, 0.99790, 0.19659, 0.19659, 0.19701, 0.19701
1.44745, 1.00221, 1.00221, 0.19986, 0.19986, 0.19942, 0.19942
1.45402, 1.00436, 1.00436, 0.20043, 0.20043, 0.19956, 0.19956
1.46059, 1.00440, 1.00440, 0.20078, 0.20078, 0.19990, 0.19990
1.46716, 1.00336, 1.00336, 0.20065, 0.20065, 0.19997, 0.19997
1.47374, 1.00412, 1.00412, 0.20014, 0.20014, 0.19932, 0.19932
1.48031, 1.00669, 1.00669, 0.20079, 0.20079, 0.19946, 0.19946
1.48688, 1.00850, 1.00850, 0.19959, 0.19959, 0.19791, 0.19791
1.49346, 1.01045, 1.01045, 0.20257, 0.20257, 0.20047, 0.20047
1.50003, 1.01187, 1.01187, 0.20190, 0.20190, 0.19953, 0.19953
1.50661, 1.01208, 1.01208, 0.20040, 0.20040, 0.19801, 0.19801
1.51318, 1.01390, 1.01390, 0.20277, 0.20277, 0.19999, 0.19999
1.51976, 1.01585, 1.01585, 0.20280, 0.20280, 0.19964, 0.19964
1.52633, 1.01605, 1.01605, 0.20356, 0.20356, 0.20034, 0.20034
1.53291, 1.01559, 1.01559, 0.20324, 0.20324, 0.20012, 0.20012
1.53948, 1.01645, 1.01645, 0.20318, 0.20318, 0.19989, 0.19989
1.54606, 1.01779, 1.01779, 0.20526, 0.20526, 0.20167, 0.20167
1.55264, 1.01763, 1.01763, 0.20496, 0.20496, 0.20141, 0.20141
1.55921, 1.01880, 1.01880, 0.20480, 0.20480, 0.20102, 0.20102
1.56579, 1.02006, 1.02006, 0.20497, 0.20497, 0.20094, 0.20094
1.57237, 1.02101, 1.02101, 0.20369, 0.20369, 0.19950, 0.19950
1.57895, 1.02005, 1.02005, 0.20431, 0.20431, 0.20030, 0.20030
1.58552, 1.02203, 1.02203, 0.20565, 0.20565, 0.20122, 0.20122
1.59210, 1.02128, 1.02128, 0.20379, 0.20379, 0.19954, 0.19954
1.59868, 1.02080, 1.02080, 0.20375, 0.20375, 0.19960, 0.19960
1.60526, 1.02181, 1.02181, 0.20265, 0.20265, 0.19832, 0.19832
1.61184, 1.02350, 1.02350, 0.20401, 0.20401, 0.19933, 0.19933
1.61842, 1.02195, 1.02195, 0.20467, 0.20467, 0.20028, 0.20028
1.62500, 1.02326, 1.02326, 0.20540, 0.20540, 0.20073, 0.20073
1.63158, 1.02394, 1.02394, 0.20685, 0.20685, 0.20201, 0.20201
1.63816, 1.02417, 1.02417, 0.20446, 0.20446, 0.19964, 0.19964
1.64474, 1.02487, 1.02487, 0.20419, 0.20419, 0.19923, 0.19923
1.67107, 1.02656, 1.02656, 0.20468, 0.20468, 0.19939, 0.19939
1.67766, 1.02663, 1.02663, 0.20501, 0.20501, 0.19970, 0.19970
1.68424, 1.02610, 1.02610, 0.20445, 0.20445, 0.19925, 0.19925
1.69082, 1.02732, 1.02732, 0.20427, 0.20427, 0.19884, 0.19884
1.69741, 1.02794, 1.02794, 0.20449, 0.20449, 0.19893, 0.19893
1.70399, 1.02742, 1.02742, 0.20490, 0.20490, 0.19943, 0.19943
1.71058, 1.02848, 1.02848, 0.20502, 0.20502, 0.19934, 0.19934
1.71716, 1.02886, 1.02886, 0.20485, 0.20485, 0.19911, 0.19911
1.72375, 1.02848, 1.02848, 0.20459, 0.20459, 0.19893, 0.19893
1.73033, 1.02855, 1.02855, 0.20465, 0.20465, 0.19897, 0.19897
1.73692, 1.02802, 1.02802, 0.20422, 0.20422, 0.19866, 0.19866
1.74351, 1.02802, 1.02802, 0.20439, 0.20439, 0.19882, 0.19882
1.75009, 1.02791, 1.02791, 0.20417, 0.20417, 0.19863, 0.19863
1.75668, 1.02705, 1.02705, 0.20400, 0.20400, 0.19862, 0.19862
1.76327, 1.02581, 1.02581, 0.20340, 0.20340, 0.19828, 0.19828
1.76985, 1.02516, 1.02516, 0.20315, 0.20315, 0.19816, 0.19816
1.77644, 1.02415, 1.02415, 0.20276, 0.20276, 0.19798, 0.19798
1.78303, 1.02294, 1.02294, 0.20271, 0.20271, 0.19816, 0.19816
1.78962, 1.02337, 1.02337, 0.20239, 0.20239, 0.19777, 0.19777
1.79621, 1.02359, 1.02359, 0.20268, 0.20268, 0.19801, 0.19801
1.80280, 1.02471, 1.02471, 0.20305, 0.20305, 0.19815, 0.19815
1.80939, 1.02612, 1.02612, 0.20304, 0.20304, 0.19788, 0.19788
1.81598, 1.02771, 1.02771, 0.20330, 0.20330, 0.19782, 0.19782
1.82257, 1.02676, 1.02676, 0.20228, 0.20228, 0.19701, 0.19701
1.82916, 1.02942, 1.02942, 0.20371, 0.20371, 0.19789, 0.19789
1.83575, 1.02877, 1.02877, 0.20333, 0.20333, 0.19764, 0.19764
1.84234, 1.02996, 1.02996, 0.20349, 0.20349, 0.19757, 0.19757
1.84893, 1.03259, 1.03259, 0.20371, 0.20371, 0.19728, 0.19728
1.85552, 1.02919, 1.02919, 0.20316, 0.20316, 0.19740, 0.19740
1.86212, 1.02681, 1.02681, 0.20261, 0.20261, 0.19732, 0.19732
1.86871, 1.02467, 1.02467, 0.20218, 0.20218, 0.19731, 0.19731
1.87530, 1.02139, 1.02139, 0.20165, 0.20165, 0.19743, 0.19743
1.88190, 1.01252, 1.01252, 0.19970, 0.19970, 0.19723, 0.19723
1.88849, 1.00660, 1.00660, 0.19759, 0.19759, 0.19629, 0.19629
1.89508, 0.99399, 0.99399, 0.19480, 0.19480, 0.19598, 0.19598
1.90168, 0.98007, 0.98007, 0.19117, 0.19117, 0.19505, 0.19505
1.90827, 0.96511, 0.96511, 0.18804, 0.18804, 0.19484, 0.19484
1.91487, 0.96202, 0.96202, 0.18738, 0.18738, 0.19478, 0.19478
1.92146, 0.97013, 0.97013, 0.18871, 0.18871, 0.19452, 0.19452
1.92806, 0.97975, 0.97975, 0.19043, 0.19043, 0.19437, 0.19437
1.93465, 0.98606, 0.98606, 0.19202, 0.19202, 0.19473, 0.19473
1.94125, 0.99424, 0.99424, 0.19495, 0.19495, 0.19608, 0.19608
1.94785, 0.99316, 0.99316, 0.19606, 0.19606, 0.19741, 0.19741
1.95444, 1.00106, 1.00106, 0.19662, 0.19662, 0.19641, 0.19641
1.96104, 1.00495, 1.00495, 0.19629, 0.19629, 0.19532, 0.19532
1.96764, 1.00794, 1.00794, 0.19771, 0.19771, 0.19615, 0.19615
1.97424, 1.01289, 1.01289, 0.19875, 0.19875, 0.19622, 0.19622
1.98084, 1.01612, 1.01612, 0.19852, 0.19852, 0.19537, 0.19537
1.98743, 1.01790, 1.01790, 0.19883, 0.19883, 0.19533, 0.19533
1.99403, 1.02002, 1.02002, 0.19938, 0.19938, 0.19546, 0.19546
2.00063, 1.02026, 1.02026, 0.19983, 0.19983, 0.19586, 0.19586
2.00723, 1.01667, 1.01667, 0.19844, 0.19844, 0.19519, 0.19519
2.01383, 1.01868, 1.01868, 0.20186, 0.20186, 0.19816, 0.19816
2.02043, 1.02268, 1.02268, 0.20421, 0.20421, 0.19968, 0.19968
2.02703, 1.02394, 1.02394, 0.20351, 0.20351, 0.19876, 0.19876
2.03363, 1.02576, 1.02576, 0.20226, 0.20226, 0.19718, 0.19718
2.04024, 1.02706, 1.02706, 0.20108, 0.20108, 0.19578, 0.19578
2.04684, 1.02603, 1.02603, 0.20021, 0.20021, 0.19513, 0.19513
2.05344, 1.02592, 1.02592, 0.19902, 0.19902, 0.19399, 0.19399
2.06004, 1.02610, 1.02610, 0.19907, 0.19907, 0.19400, 0.19400
2.06664, 1.02563, 1.02563, 0.19980, 0.19980, 0.19480, 0.19480
2.07325, 1.02676, 1.02676, 0.20102, 0.20102, 0.19578, 0.19578
2.07985, 1.02683, 1.02683, 0.20087, 0.20087, 0.19562, 0.19562
2.08645, 1.02747, 1.02747, 0.20003, 0.20003, 0.19469, 0.19469
2.09306, 1.02735, 1.02735, 0.20011, 0.20011, 0.19478, 0.19478
2.09966, 1.02787, 1.02787, 0.19957, 0.19957, 0.19416, 0.19416
2.10627, 1.02846, 1.02846, 0.19875, 0.19875, 0.19325, 0.19325
2.11287, 1.02557, 1.02557, 0.19789, 0.19789, 0.19295, 0.19295
2.11948, 1.02718, 1.02718, 0.19731, 0.19731, 0.19209, 0.19209
2.12608, 1.02855, 1.02855, 0.19659, 0.19659, 0.19113, 0.19113
2.13269, 1.02783, 1.02783, 0.19605, 0.19605, 0.19074, 0.19074
2.13930, 1.02697, 1.02697, 0.19610, 0.19610, 0.19095, 0.19095
2.14590, 1.02842, 1.02842, 0.19625, 0.19625, 0.19083, 0.19083
2.15251, 1.02814, 1.02814, 0.19585, 0.19585, 0.19049, 0.19049
2.15912, 1.02716, 1.02716, 0.19521, 0.19521, 0.19004, 0.19004
2.16572, 1.02840, 1.02840, 0.19588, 0.19588, 0.19047, 0.19047
2.17233, 1.02978, 1.02978, 0.19560, 0.19560, 0.18994, 0.18994
2.17894, 1.03043, 1.03043, 0.19529, 0.19529, 0.18952, 0.18952
2.18555, 1.03027, 1.03027, 0.19502, 0.19502, 0.18929, 0.18929
2.19216, 1.03070, 1.03070, 0.19461, 0.19461, 0.18881, 0.18881
2.19877, 1.02855, 1.02855, 0.19403, 0.19403, 0.18865, 0.18865
2.20538, 1.03002, 1.03002, 0.19419, 0.19419, 0.18853, 0.18853
2.21199, 1.02896, 1.02896, 0.19379, 0.19379, 0.18834, 0.18834
2.21860, 1.02929, 1.02929, 0.19380, 0.19380, 0.18828, 0.18828
2.22521, 1.02880, 1.02880, 0.19322, 0.19322, 0.18781, 0.18781
2.23182, 1.02919, 1.02919, 0.19301, 0.19301, 0.18753, 0.18753
2.23843, 1.02883, 1.02883, 0.19281, 0.19281, 0.18740, 0.18740
2.24504, 1.02876, 1.02876, 0.19290, 0.19290, 0.18751, 0.18751
2.25165, 1.02795, 1.02795, 0.19221, 0.19221, 0.18699, 0.18699
2.25827, 1.02829, 1.02829, 0.19185, 0.19185, 0.18657, 0.18657
2.26488, 1.02902, 1.02902, 0.19133, 0.19133, 0.18593, 0.18593
2.27149, 1.02760, 1.02760, 0.19142, 0.19142, 0.18628, 0.18628
2.27810, 1.02866, 1.02866, 0.19117, 0.19117, 0.18584, 0.18584
2.28472, 1.02704, 1.02704, 0.19100, 0.19100, 0.18597, 0.18597
2.29133, 1.02524, 1.02524, 0.19082, 0.19082, 0.18612, 0.18612
2.29795, 1.02616, 1.02616, 0.19036, 0.19036, 0.18550, 0.18550
2.30456, 1.02457, 1.02457, 0.18987, 0.18987, 0.18532, 0.18532
2.31118, 1.02414, 1.02414, 0.18962, 0.18962, 0.18515, 0.18515
2.31779, 1.01861, 1.01861, 0.18870, 0.18870, 0.18525, 0.18525
2.32441, 1.01948, 1.01948, 0.18813, 0.18813, 0.18454, 0.18454
2.33102, 1.01668, 1.01668, 0.18789, 0.18789, 0.18481, 0.18481
2.33764, 1.01641, 1.01641, 0.18785, 0.18785, 0.18482, 0.18482
2.34426, 1.01671, 1.01671, 0.18795, 0.18795, 0.18486, 0.18486
2.35087, 1.01501, 1.01501, 0.18758, 0.18758, 0.18481, 0.18481
2.35749, 1.01508, 1.01508, 0.18726, 0.18726, 0.18447, 0.18447
2.36411, 1.01410, 1.01410, 0.18723, 0.18723, 0.18462, 0.18462
2.37072, 1.01430, 1.01430, 0.18720, 0.18720, 0.18456, 0.18456
2.37734, 1.01458, 1.01458, 0.18691, 0.18691, 0.18423, 0.18423
2.38396, 1.01077, 1.01077, 0.18552, 0.18552, 0.18354, 0.18354
2.39058, 1.00952, 1.00952, 0.18545, 0.18545, 0.18371, 0.18371
2.39720, 1.00650, 1.00650, 0.18505, 0.18505, 0.18385, 0.18385
2.40382, 1.00583, 1.00583, 0.18502, 0.18502, 0.18394, 0.18394
2.41044, 1.00307, 1.00307, 0.18509, 0.18509, 0.18452, 0.18452
2.41706, 0.99493, 0.99493, 0.18350, 0.18350, 0.18443, 0.18443
2.42368, 0.99405, 0.99405, 0.18305, 0.18305, 0.18414, 0.18414
2.43030, 0.98696, 0.98696, 0.18126, 0.18126, 0.18366, 0.18366
2.43692, 0.98226, 0.98226, 0.18054, 0.18054, 0.18379, 0.18379
2.44354, 0.98020, 0.98020, 0.18044, 0.18044, 0.18409, 0.18409
2.45017, 0.97506, 0.97506, 0.17915, 0.17915, 0.18373, 0.18373
2.45679, 0.97252, 0.97252, 0.17813, 0.17813, 0.18316, 0.18316
2.46341, 0.96692, 0.96692, 0.17692, 0.17692, 0.18297, 0.18297
2.47003, 0.96721, 0.96721, 0.17641, 0.17641, 0.18239, 0.18239
2.47666, 0.96251, 0.96251, 0.17495, 0.17495, 0.18176, 0.18176
2.48328, 0.96214, 0.96214, 0.17474, 0.17474, 0.18162, 0.18162
2.48990, 0.96153, 0.96153, 0.17501, 0.17501, 0.18201, 0.18201
2.49653, 0.96292, 0.96292, 0.17547, 0.17547, 0.18223, 0.18223
2.50312, 0.95084, 0.95084, 0.17393, 0.17393, 0.18293, 0.18293
2.50972, 0.95980, 0.95980, 0.17419, 0.17419, 0.18148, 0.18148
2.51632, 0.96147, 0.96147, 0.17413, 0.17413, 0.18110, 0.18110
2.52292, 0.95703, 0.95703, 0.17279, 0.17279, 0.18055, 0.18055
2.52951, 0.95770, 0.95770, 0.17221, 0.17221, 0.17981, 0.17981
2.53611, 0.95904, 0.95904, 0.17189, 0.17189, 0.17923, 0.17923
2.54271, 0.95924, 0.95924, 0.17160, 0.17160, 0.17890, 0.17890
2.54931, 0.95824, 0.95824, 0.17073, 0.17073, 0.17817, 0.17817
2.55591, 0.96394, 0.96394, 0.17121, 0.17121, 0.17761, 0.17761
2.56251, 0.96313, 0.96313, 0.17134, 0.17134, 0.17789, 0.17789
2.56911, 0.96371, 0.96371, 0.17089, 0.17089, 0.17733, 0.17733
2.57571, 0.96597, 0.96597, 0.17138, 0.17138, 0.17742, 0.17742
2.58231, 0.96626, 0.96626, 0.17139, 0.17139, 0.17737, 0.17737
2.58891, 0.96874, 0.96874, 0.17210, 0.17210, 0.17766, 0.17766
2.59551, 0.97265, 0.97265, 0.17218, 0.17218, 0.17702, 0.17702
2.60212, 0.97224, 0.97224, 0.17160, 0.17160, 0.17650, 0.17650
2.60872, 0.97295, 0.97295, 0.17235, 0.17235, 0.17714, 0.17714
2.61532, 0.97473, 0.97473, 0.17212, 0.17212, 0.17659, 0.17659
2.62192, 0.97471, 0.97471, 0.17262, 0.17262, 0.17710, 0.17710
2.62853, 0.97153, 0.97153, 0.17134, 0.17134, 0.17636, 0.17636
2.63513, 0.97305, 0.97305, 0.17117, 0.17117, 0.17591, 0.17591
2.64174, 0.97182, 0.97182, 0.16898, 0.16898, 0.17388, 0.17388
2.64834, 0.96937, 0.96937, 0.16809, 0.16809, 0.17340, 0.17340
2.65495, 0.96996, 0.96996, 0.16507, 0.16507, 0.17018, 0.17018
2.84004, 1.02441, 1.02441, 0.08022, 0.08022, 0.07830, 0.07830
2.84666, 1.01720, 1.01720, 0.07684, 0.07684, 0.07554, 0.07554
2.85328, 1.00770, 1.00770, 0.07401, 0.07401, 0.07344, 0.07344
2.85989, 0.99598, 0.99598, 0.07116, 0.07116, 0.07144, 0.07144
2.86651, 0.98344, 0.98344, 0.06906, 0.06906, 0.07022, 0.07022
2.87313, 0.97012, 0.97012, 0.06709, 0.06709, 0.06916, 0.06916
2.87975, 0.96744, 0.96744, 0.06620, 0.06620, 0.06843, 0.06843
2.88636, 0.97029, 0.97029, 0.06559, 0.06559, 0.06760, 0.06760
2.89298, 0.97187, 0.97187, 0.06525, 0.06525, 0.06714, 0.06714
2.89960, 0.97111, 0.97111, 0.06428, 0.06428, 0.06619, 0.06619
2.90622, 0.97070, 0.97070, 0.06310, 0.06310, 0.06500, 0.06500
2.91284, 0.97538, 0.97538, 0.06241, 0.06241, 0.06399, 0.06399
2.91946, 0.98196, 0.98196, 0.06220, 0.06220, 0.06334, 0.06334
2.92608, 0.98243, 0.98243, 0.06164, 0.06164, 0.06274, 0.06274
2.93270, 0.97341, 0.97341, 0.06099, 0.06099, 0.06266, 0.06266
2.93932, 0.96385, 0.96385, 0.06057, 0.06057, 0.06284, 0.06284
2.94595, 0.96353, 0.96353, 0.06094, 0.06094, 0.06325, 0.06325
2.95257, 0.97397, 0.97397, 0.06179, 0.06179, 0.06344, 0.06344
2.95919, 0.98300, 0.98300, 0.06230, 0.06230, 0.06337, 0.06337
2.96581, 0.98881, 0.98881, 0.06302, 0.06302, 0.06373, 0.06373
2.97244, 0.99018, 0.99018, 0.06359, 0.06359, 0.06422, 0.06422
2.97906, 0.98553, 0.98553, 0.06379, 0.06379, 0.06473, 0.06473
2.98568, 0.98407, 0.98407, 0.06385, 0.06385, 0.06489, 0.06489
2.99231, 0.98452, 0.98452, 0.06388, 0.06388, 0.06489, 0.06489
2.99893, 0.98931, 0.98931, 0.06413, 0.06413, 0.06483, 0.06483
3.00556, 0.98887, 0.98887, 0.06453, 0.06453, 0.06526, 0.06526
3.01218, 0.98421, 0.98421, 0.06554, 0.06554, 0.06659, 0.06659
3.01881, 0.98366, 0.98366, 0.06654, 0.06654, 0.06765, 0.06765
3.02544, 0.98174, 0.98174, 0.06709, 0.06709, 0.06834, 0.06834
3.03206, 0.98572, 0.98572, 0.06743, 0.06743, 0.06841, 0.06841
3.03869, 0.98698, 0.98698, 0.06740, 0.06740, 0.06829, 0.06829
3.04532, 0.98643, 0.98643, 0.06756, 0.06756, 0.06849, 0.06849
3.05195, 0.98421, 0.98421, 0.06771, 0.06771, 0.06880, 0.06880
3.05857, 0.99036, 0.99036, 0.06809, 0.06809, 0.06875, 0.06875
3.06520, 0.99505, 0.99505, 0.06826, 0.06826, 0.06860, 0.06860
3.07183, 0.99555, 0.99555, 0.06832, 0.06832, 0.06862, 0.06862
3.07846, 1.00204, 1.00204, 0.06857, 0.06857, 0.06843, 0.06843
3.08509, 1.00375, 1.00375, 0.06870, 0.06870, 0.06844, 0.06844
3.09172, 0.99536, 0.99536, 0.06907, 0.06907, 0.06940, 0.06940
3.09835, 0.98855, 0.98855, 0.06941, 0.06941, 0.07022, 0.07022
3.10498, 0.98932, 0.98932, 0.06985, 0.06985, 0.07060, 0.07060
3.11161, 0.98995, 0.98995, 0.07038, 0.07038, 0.07110, 0.07110
3.11825, 0.98869, 0.98869, 0.06996, 0.06996, 0.07077, 0.07077
3.12488, 0.98801, 0.98801, 0.06961, 0.06961, 0.07045, 0.07045
3.13151, 0.99140, 0.99140, 0.06912, 0.06912, 0.06972, 0.06972
3.13814, 0.99593, 0.99593, 0.06880, 0.06880, 0.06908, 0.06908
3.14478, 1.00028, 1.00028, 0.06910, 0.06910, 0.06908, 0.06908
3.15141, 0.99740, 0.99740, 0.06965, 0.06965, 0.06984, 0.06984
3.15804, 0.99598, 0.99598, 0.07112, 0.07112, 0.07140, 0.07140
3.16468, 1.00202, 1.00202, 0.07249, 0.07249, 0.07234, 0.07234
3.17131, 1.00753, 1.00753, 0.07335, 0.07335, 0.07280, 0.07280
3.17795, 1.00888, 1.00888, 0.07411, 0.07411, 0.07346, 0.07346
3.18458, 1.00430, 1.00430, 0.07496, 0.07496, 0.07464, 0.07464
3.19122, 0.99891, 0.99891, 0.07635, 0.07635, 0.07643, 0.07643
3.19785, 0.99899, 0.99899, 0.07804, 0.07804, 0.07811, 0.07811
3.20449, 0.99840, 0.99840, 0.07942, 0.07942, 0.07954, 0.07954
3.21113, 1.00201, 1.00201, 0.08061, 0.08061, 0.08045, 0.08045
3.21776, 1.00358, 1.00358, 0.08175, 0.08175, 0.08146, 0.08146
3.22440, 1.00295, 1.00295, 0.08263, 0.08263, 0.08239, 0.08239
3.23104, 1.00036, 1.00036, 0.08386, 0.08386, 0.08383, 0.08383
3.23768, 1.00327, 1.00327, 0.08531, 0.08531, 0.08503, 0.08503
3.24432, 1.00509, 1.00509, 0.08686, 0.08686, 0.08642, 0.08642
3.25096, 1.00456, 1.00456, 0.08789, 0.08789, 0.08749, 0.08749
3.25760, 1.00346, 1.00346, 0.08868, 0.08868, 0.08838, 0.08838
3.26424, 1.00348, 1.00348, 0.08934, 0.08934, 0.08903, 0.08903
3.27088, 1.00289, 1.00289, 0.09057, 0.09057, 0.09031, 0.09031
3.27752, 1.00650, 1.00650, 0.09253, 0.09253, 0.09193, 0.09193
3.28416, 1.01206, 1.01206, 0.09557, 0.09557, 0.09443, 0.09443
3.29080, 1.01665, 1.01665, 0.09847, 0.09847, 0.09685, 0.09685
3.29744, 1.02062, 1.02062, 0.10083, 0.10083, 0.09879, 0.09879
3.30408, 1.02335, 1.02335, 0.10260, 0.10260, 0.10026, 0.10026
3.31073, 1.02356, 1.02356, 0.10473, 0.10473, 0.10232, 0.10232
3.31737, 1.01875, 1.01875, 0.10668, 0.10668, 0.10472, 0.10472
3.32401, 1.01734, 1.01734, 0.10843, 0.10843, 0.10658, 0.10658
3.33066, 1.01953, 1.01953, 0.11066, 0.11066, 0.10854, 0.10854
3.33730, 1.02266, 1.02266, 0.11286, 0.11286, 0.11036, 0.11036
3.34395, 1.02799, 1.02799, 0.11472, 0.11472, 0.11159, 0.11159
3.35059, 1.03125, 1.03125, 0.11639, 0.11639, 0.11287, 0.11287
3.35724, 1.03323, 1.03323, 0.11845, 0.11845, 0.11464, 0.11464
3.36388, 1.03611, 1.03611, 0.12062, 0.12062, 0.11642, 0.11642
3.37053, 1.04051, 1.04051, 0.12247, 0.12247, 0.11770, 0.11770
3.37717, 1.04126, 1.04126, 0.12454, 0.12454, 0.11961, 0.11961
3.38382, 1.03975, 1.03975, 0.12581, 0.12581, 0.12100, 0.12100
3.39047, 1.03724, 1.03724, 0.12695, 0.12695, 0.12239, 0.12239
3.39712, 1.03571, 1.03571, 0.12876, 0.12876, 0.12432, 0.12432
3.40376, 1.03677, 1.03677, 0.13118, 0.13118, 0.12652, 0.12652
3.41041, 1.03816, 1.03816, 0.13354, 0.13354, 0.12863, 0.12863
3.41706, 1.04032, 1.04032, 0.13547, 0.13547, 0.13022, 0.13022
3.42371, 1.04233, 1.04233, 0.13780, 0.13780, 0.13220, 0.13220
3.43036, 1.04348, 1.04348, 0.14056, 0.14056, 0.13470, 0.13470
3.43701, 1.04161, 1.04161, 0.14191, 0.14191, 0.13624, 0.13624
3.44366, 1.03805, 1.03805, 0.14264, 0.14264, 0.13742, 0.13742
3.45031, 1.03625, 1.03625, 0.14449, 0.14449, 0.13944, 0.13944
3.45696, 1.03833, 1.03833, 0.14710, 0.14710, 0.14167, 0.14167
3.46361, 1.04167, 1.04167, 0.14935, 0.14935, 0.14338, 0.14338
3.47026, 1.04420, 1.04420, 0.15110, 0.15110, 0.14470, 0.14470
3.47692, 1.04616, 1.04616, 0.15351, 0.15351, 0.14674, 0.14674
3.48357, 1.04896, 1.04896, 0.15581, 0.15581, 0.14854, 0.14854
3.49022, 1.05153, 1.05153, 0.15785, 0.15785, 0.15011, 0.15011
3.49687, 1.05267, 1.05267, 0.16014, 0.16014, 0.15213, 0.15213
3.50353, 1.05310, 1.05310, 0.16326, 0.16326, 0.15503, 0.15503
3.51018, 1.05604, 1.05604, 0.16592, 0.16592, 0.15712, 0.15712
3.51684, 1.05878, 1.05878, 0.16835, 0.16835, 0.15901, 0.15901
3.52349, 1.06005, 1.06005, 0.17206, 0.17206, 0.16232, 0.16232
3.53015, 1.05651, 1.05651, 0.17628, 0.17628, 0.16685, 0.16685
3.53680, 1.05527, 1.05527, 0.17963, 0.17963, 0.17022, 0.17022
3.54346, 1.05607, 1.05607, 0.18191, 0.18191, 0.17225, 0.17225
3.55011, 1.05854, 1.05854, 0.18540, 0.18540, 0.17515, 0.17515
3.55677, 1.05932, 1.05932, 0.18958, 0.18958, 0.17897, 0.17897
3.56343, 1.06012, 1.06012, 0.19234, 0.19234, 0.18144, 0.18144
3.57008, 1.06088, 1.06088, 0.19338, 0.19338, 0.18229, 0.18229
3.57674, 1.06133, 1.06133, 0.19587, 0.19587, 0.18455, 0.18455
3.58340, 1.06217, 1.06217, 0.19913, 0.19913, 0.18747, 0.18747
3.59006, 1.06319, 1.06319, 0.20111, 0.20111, 0.18916, 0.18916
3.59672, 1.06379, 1.06379, 0.20241, 0.20241, 0.19027, 0.19027
3.60338, 1.06638, 1.06638, 0.20532, 0.20532, 0.19254, 0.19254
3.61004, 1.06559, 1.06559, 0.20799, 0.20799, 0.19519, 0.19519
3.61670, 1.06090, 1.06090, 0.20775, 0.20775, 0.19583, 0.19583
3.62336, 1.05938, 1.05938, 0.20742, 0.20742, 0.19579, 0.19579
3.63002, 1.06439, 1.06439, 0.21023, 0.21023, 0.19751, 0.19751
3.63668, 1.07005, 1.07005, 0.21466, 0.21466, 0.20061, 0.20061
3.64334, 1.07268, 1.07268, 0.21682, 0.21682, 0.20213, 0.20213
3.65000, 1.07482, 1.07482, 0.21741, 0.21741, 0.20228, 0.20228
3.65667, 1.07441, 1.07441, 0.21936, 0.21936, 0.20417, 0.20417
3.66333, 1.07455, 1.07455, 0.22269, 0.22269, 0.20724, 0.20724
3.66999, 1.07729, 1.07729, 0.22417, 0.22417, 0.20809, 0.20809
3.67665, 1.07869, 1.07869, 0.22349, 0.22349, 0.20719, 0.20719
3.68332, 1.07959, 1.07959, 0.22512, 0.22512, 0.20852, 0.20852
3.68998, 1.08182, 1.08182, 0.22967, 0.22967, 0.21230, 0.21230
3.69665, 1.08370, 1.08370, 0.23229, 0.23229, 0.21435, 0.21435
3.70331, 1.08502, 1.08502, 0.23257, 0.23257, 0.21434, 0.21434
3.70998, 1.08721, 1.08721, 0.23367, 0.23367, 0.21493, 0.21493
3.71664, 1.08901, 1.08901, 0.23784, 0.23784, 0.21840, 0.21840
3.72331, 1.09364, 1.09364, 0.24116, 0.24116, 0.22051, 0.22051
3.72998, 1.09497, 1.09497, 0.24122, 0.24122, 0.22029, 0.22029
3.73664, 1.09497, 1.09497, 0.24109, 0.24109, 0.22018, 0.22018
3.74331, 1.09387, 1.09387, 0.24377, 0.24377, 0.22285, 0.22285
3.74998, 1.09355, 1.09355, 0.24672, 0.24672, 0.22561, 0.22561
3.75665, 1.09726, 1.09726, 0.24644, 0.24644, 0.22460, 0.22460
3.76331, 1.09932, 1.09932, 0.24523, 0.24523, 0.22307, 0.22307
3.76998, 1.10349, 1.10349, 0.24796, 0.24796, 0.22471, 0.22471
3.77665, 1.10257, 1.10257, 0.25281, 0.25281, 0.22929, 0.22929
3.78332, 1.09990, 1.09990, 0.25446, 0.25446, 0.23135, 0.23135
3.78999, 1.10290, 1.10290, 0.25406, 0.25406, 0.23035, 0.23035
3.79666, 1.11043, 1.11043, 0.25575, 0.25575, 0.23031, 0.23031
3.80333, 1.11776, 1.11776, 0.26115, 0.26115, 0.23364, 0.23364
3.81000, 1.11836, 1.11836, 0.26464, 0.26464, 0.23663, 0.23663
3.81667, 1.11799, 1.11799, 0.26314, 0.26314, 0.23537, 0.23537
3.82335, 1.12060, 1.12060, 0.26181, 0.26181, 0.23364, 0.23364
3.83002, 1.12206, 1.12206, 0.26400, 0.26400, 0.23528, 0.23528
3.83669, 1.12501, 1.12501, 0.26984, 0.26984, 0.23986, 0.23986
3.84336, 1.12744, 1.12744, 0.27219, 0.27219, 0.24142, 0.24142
3.85004, 1.12790, 1.12790, 0.26984, 0.26984, 0.23924, 0.23924
3.85671, 1.12951, 1.12951, 0.26842, 0.26842, 0.23764, 0.23764
3.86339, 1.13101, 1.13101, 0.27139, 0.27139, 0.23995, 0.23995
3.87006, 1.12563, 1.12563, 0.27588, 0.27588, 0.24509, 0.24509
3.87673, 1.12524, 1.12524, 0.27720, 0.27720, 0.24634, 0.24634
3.88341, 1.12931, 1.12931, 0.27725, 0.27725, 0.24550, 0.24550
3.89008, 1.13735, 1.13735, 0.27938, 0.27938, 0.24564, 0.24564
3.89676, 1.14128, 1.14128, 0.28456, 0.28456, 0.24933, 0.24933
